0.400000   0.000000
0.400000   0.000628
0.399999   0.001257
0.399997   0.001885
0.399995   0.002513
0.399992   0.003142
0.399989   0.003770
0.399985   0.004398
0.399980   0.005027
0.399975   0.005655
0.399969   0.006283
0.399963   0.006912
0.399956   0.007540
0.399948   0.008168
0.399940   0.008797
0.399931   0.009425
0.399921   0.010053
0.399911   0.010682
0.399900   0.011310
0.399889   0.011938
0.399877   0.012567
0.399864   0.013195
0.399851   0.013823
0.399837   0.014452
0.399822   0.015080
0.399807   0.015708
0.399791   0.016337
0.399775   0.016965
0.399758   0.017594
0.399741   0.018222
0.399722   0.018850
0.399704   0.019479
0.399684   0.020107
0.399664   0.020736
0.399643   0.021364
0.399622   0.021993
0.399600   0.022621
0.399578   0.023249
0.399554   0.023878
0.399531   0.024506
0.399506   0.025135
0.399481   0.025763
0.399456   0.026392
0.399429   0.027020
0.399403   0.027649
0.399375   0.028277
0.399347   0.028906
0.399318   0.029534
0.399289   0.030163
0.399259   0.030791
0.399228   0.031420
0.399197   0.032049
0.399165   0.032677
0.399133   0.033306
0.399100   0.033934
0.399066   0.034563
0.399032   0.035192
0.398997   0.035820
0.398962   0.036449
0.398925   0.037077
0.398889   0.037706
0.398851   0.038335
0.398813   0.038963
0.398775   0.039592
0.398735   0.040221
0.398695   0.040850
0.398655   0.041478
0.398614   0.042107
0.398572   0.042736
0.398530   0.043365
0.398487   0.043993
0.398443   0.044622
0.398399   0.045251
0.398354   0.045880
0.398309   0.046509
0.398263   0.047138
0.398216   0.047766
0.398169   0.048395
0.398121   0.049024
0.398072   0.049653
0.398023   0.050282
0.397973   0.050911
0.397923   0.051540
0.397871   0.052169
0.397820   0.052798
0.397767   0.053427
0.397715   0.054056
0.397661   0.054685
0.397607   0.055314
0.397552   0.055943
0.397497   0.056572
0.397440   0.057201
0.397384   0.057830
0.397326   0.058460
0.397269   0.059089
0.397210   0.059718
0.397151   0.060347
0.397091   0.060976
0.397031   0.061605
0.396969   0.062235
0.396908   0.062864
0.396845   0.063493
0.396783   0.064123
0.396719   0.064752
0.396655   0.065381
0.396590   0.066011
0.396525   0.066640
0.396458   0.067269
0.396392   0.067899
0.396324   0.068528
0.396256   0.069158
0.396188   0.069787
0.396119   0.070417
0.396049   0.071046
0.395978   0.071676
0.395907   0.072305
0.395835   0.072935
0.395763   0.073565
0.395690   0.074194
0.395616   0.074824
0.395542   0.075454
0.395467   0.076083
0.395392   0.076713
0.395316   0.077343
0.395239   0.077973
0.395161   0.078602
0.395083   0.079232
0.395005   0.079862
0.394925   0.080492
0.394845   0.081122
0.394765   0.081752
0.394684   0.082382
0.394602   0.083012
0.394519   0.083642
0.394436   0.084272
0.394353   0.084902
0.394268   0.085532
0.394183   0.086162
0.394098   0.086792
0.394011   0.087422
0.393924   0.088052
0.393837   0.088683
0.393749   0.089313
0.393660   0.089943
0.393570   0.090573
0.393480   0.091204
0.393389   0.091834
0.393298   0.092464
0.393206   0.093095
0.393113   0.093725
0.393020   0.094356
0.392926   0.094986
0.392832   0.095617
0.392736   0.096247
0.392641   0.096878
0.392544   0.097508
0.392447   0.098139
0.392349   0.098770
0.392251   0.099400
0.392152   0.100031
0.392052   0.100662
0.391952   0.101293
0.391851   0.101923
0.391749   0.102554
0.391647   0.103185
0.391544   0.103816
0.391441   0.104447
0.391336   0.105078
0.391232   0.105709
0.391126   0.106340
0.391020   0.106971
0.390913   0.107602
0.390806   0.108233
0.390698   0.108864
0.390589   0.109495
0.390480   0.110127
0.390370   0.110758
0.390259   0.111389
0.390148   0.112020
0.390036   0.112652
0.389923   0.113283
0.389810   0.113914
0.389696   0.114546
0.389582   0.115177
0.389467   0.115809
0.389351   0.116440
0.389234   0.117072
0.389117   0.117704
0.388999   0.118335
0.388881   0.118967
0.388762   0.119599
0.388642   0.120230
0.388522   0.120862
0.388401   0.121494
0.388279   0.122126
0.388157   0.122758
0.388034   0.123390
0.387910   0.124022
0.387786   0.124654
0.387661   0.125286
0.387535   0.125918
0.387409   0.126550
0.387282   0.127182
0.387155   0.127814
0.387026   0.128446
0.386898   0.129079
0.386768   0.129711
0.386638   0.130343
0.386507   0.130976
0.386375   0.131608
0.386243   0.132240
0.386110   0.132873
0.385977   0.133505
0.385843   0.134138
0.385708   0.134770
0.385572   0.135403
0.385436   0.136036
0.385300   0.136669
0.385162   0.137301
0.385024   0.137934
0.384885   0.138567
0.384746   0.139200
0.384606   0.139833
0.384465   0.140466
0.384323   0.141099
0.384181   0.141732
0.384038   0.142365
0.383895   0.142998
0.383751   0.143631
0.383606   0.144264
0.383461   0.144897
0.383315   0.145531
0.383168   0.146164
0.383020   0.146797
0.382872   0.147431
0.382723   0.148064
0.382574   0.148698
0.382424   0.149331
0.382273   0.149965
0.382122   0.150598
0.381969   0.151232
0.381817   0.151866
0.381663   0.152499
0.381509   0.153133
0.381354   0.153767
0.381199   0.154401
0.381042   0.155035
0.380885   0.155669
0.380728   0.156303
0.380570   0.156937
0.380411   0.157571
0.380251   0.158205
0.380091   0.158839
0.379930   0.159473
0.379768   0.160108
0.379606   0.160742
0.379443   0.161376
0.379279   0.162011
0.379115   0.162645
0.378950   0.163280
0.378784   0.163914
0.378618   0.164549
0.378451   0.165183
0.378283   0.165818
0.378115   0.166453
0.377946   0.167088
0.377776   0.167722
0.377605   0.168357
0.377434   0.168992
0.377262   0.169627
0.377090   0.170262
0.376916   0.170897
0.376743   0.171532
0.376568   0.172167
0.376393   0.172803
0.376217   0.173438
0.376040   0.174073
0.375863   0.174708
0.375684   0.175344
0.375506   0.175979
0.375326   0.176615
0.375146   0.177250
0.374965   0.177886
0.374784   0.178521
0.374601   0.179157
0.374419   0.179793
0.374235   0.180429
0.374051   0.181064
0.373866   0.181700
0.373680   0.182336
0.373493   0.182972
0.373306   0.183608
0.373118   0.184244
0.372930   0.184880
0.372741   0.185516
0.372551   0.186153
0.372360   0.186789
0.372169   0.187425
0.371977   0.188061
0.371784   0.188698
0.371591   0.189334
0.371396   0.189971
0.371202   0.190607
0.371006   0.191244
0.370810   0.191881
0.370613   0.192517
0.370415   0.193154
0.370217   0.193791
0.370018   0.194428
0.369818   0.195065
0.369617   0.195702
0.369416   0.196339
0.369214   0.196976
0.369011   0.197613
0.368808   0.198250
0.368604   0.198887
0.368399   0.199525
0.368194   0.200162
0.367987   0.200799
0.367780   0.201437
0.367573   0.202074
0.367364   0.202712
0.367155   0.203349
0.366945   0.203987
0.366735   0.204625
0.366523   0.205262
0.366311   0.205900
0.366099   0.206538
0.365885   0.207176
0.365671   0.207814
0.365456   0.208452
0.365241   0.209090
0.365024   0.209728
0.364807   0.210367
0.364589   0.211005
0.364371   0.211643
0.364152   0.212281
0.363932   0.212920
0.363711   0.213558
0.363490   0.214197
0.363267   0.214835
0.363044   0.215474
0.362821   0.216113
0.362596   0.216751
0.362371   0.217390
0.362145   0.218029
0.361919   0.218668
0.361692   0.219307
0.361464   0.219946
0.361235   0.220585
0.361005   0.221224
0.360775   0.221863
0.360544   0.222502
0.360312   0.223142
0.360080   0.223781
0.359847   0.224421
0.359613   0.225060
0.359378   0.225699
0.359142   0.226339
0.358906   0.226979
0.358669   0.227618
0.358432   0.228258
0.358193   0.228898
0.357954   0.229538
0.357714   0.230178
0.357473   0.230818
0.357232   0.231458
0.356990   0.232098
0.356747   0.232738
0.356503   0.233378
0.356259   0.234018
0.356013   0.234658
0.355767   0.235299
0.355521   0.235939
0.355273   0.236580
0.355025   0.237220
0.354776   0.237861
0.354526   0.238501
0.354276   0.239142
0.354024   0.239783
0.353772   0.240424
0.353520   0.241065
0.353266   0.241705
0.353012   0.242346
0.352757   0.242987
0.352501   0.243629
0.352244   0.244270
0.351987   0.244911
0.351729   0.245552
0.351470   0.246194
0.351210   0.246835
0.350950   0.247476
0.350688   0.248118
0.350426   0.248759
0.350164   0.249401
0.349900   0.250043
0.349636   0.250684
0.349371   0.251326
0.349105   0.251968
0.348838   0.252610
0.348571   0.253252
0.348303   0.253894
0.348034   0.254536
0.347764   0.255178
0.347493   0.255820
0.347222   0.256463
0.346950   0.257105
0.346677   0.257747
0.346403   0.258390
0.346129   0.259032
0.345854   0.259675
0.345578   0.260317
0.345301   0.260960
0.345023   0.261603
0.344745   0.262246
0.344465   0.262888
0.344186   0.263531
0.343905   0.264174
0.343623   0.264817
0.343341   0.265460
0.343058   0.266103
0.342774   0.266747
0.342489   0.267390
0.342203   0.268033
0.341917   0.268677
0.341630   0.269320
0.341342   0.269964
0.341053   0.270607
0.340764   0.271251
0.340473   0.271894
0.340182   0.272538
0.339890   0.273182
0.339597   0.273826
0.339304   0.274470
0.339009   0.275113
0.338714   0.275758
0.338418   0.276402
0.338121   0.277046
0.337824   0.277690
0.337525   0.278334
0.337226   0.278978
0.336926   0.279623
0.336625   0.280267
0.336323   0.280912
0.336021   0.281556
0.335717   0.282201
0.335413   0.282846
0.335108   0.283490
0.334802   0.284135
0.334496   0.284780
0.334188   0.285425
0.333880   0.286070
0.333571   0.286715
0.333261   0.287360
0.332950   0.288005
0.332638   0.288650
0.332326   0.289295
0.332013   0.289941
0.331699   0.290586
0.331384   0.291231
0.331068   0.291877
0.330751   0.292522
0.330434   0.293168
0.330116   0.293814
0.329796   0.294459
0.329476   0.295105
0.329156   0.295751
0.328834   0.296397
0.328512   0.297043
0.328188   0.297689
0.327864   0.298335
0.327539   0.298981
0.327213   0.299627
0.326886   0.300273
0.326559   0.300920
0.326231   0.301566
0.325901   0.302212
0.325571   0.302859
0.325240   0.303505
0.324908   0.304152
0.324576   0.304799
0.324242   0.305445
0.323908   0.306092
0.323573   0.306739
0.323237   0.307386
0.322900   0.308033
0.322562   0.308680
0.322223   0.309327
0.321883   0.309974
0.321543   0.310621
0.321202   0.311268
0.320860   0.311915
0.320517   0.312563
0.320173   0.313210
0.319828   0.313857
0.319482   0.314505
0.319136   0.315152
0.318789   0.315800
0.318440   0.316448
0.318091   0.317095
0.317741   0.317743
0.317390   0.318391
0.317039   0.319039
0.316686   0.319687
0.316332   0.320335
0.315978   0.320983
0.315623   0.321631
0.315266   0.322279
0.314909   0.322927
0.314551   0.323576
0.314193   0.324224
0.313833   0.324872
0.313472   0.325521
0.313111   0.326169
0.312748   0.326818
0.312385   0.327466
0.312021   0.328115
0.311656   0.328764
0.311290   0.329412
0.310923   0.330061
0.310555   0.330710
0.310186   0.331359
0.309817   0.332008
0.309446   0.332657
0.309075   0.333306
0.308703   0.333955
0.308329   0.334604
0.307955   0.335254
0.307580   0.335903
0.307204   0.336552
0.306827   0.337202
0.306450   0.337851
0.306071   0.338501
0.305691   0.339150
0.305311   0.339800
0.304929   0.340449
0.304547   0.341099
0.304164   0.341749
0.303780   0.342399
0.303394   0.343049
0.303008   0.343698
0.302621   0.344348
0.302233   0.344998
0.301845   0.345648
0.301455   0.346299
0.301064   0.346949
0.300672   0.347599
0.300280   0.348249
0.299886   0.348899
0.299492   0.349550
0.299097   0.350200
0.298700   0.350851
0.298303   0.351501
0.297905   0.352152
0.297506   0.352802
0.297106   0.353453
0.296705   0.354104
0.296303   0.354754
0.295900   0.355405
0.295496   0.356056
0.295091   0.356707
0.294685   0.357358
0.294278   0.358009
0.293871   0.358660
0.293462   0.359311
0.293052   0.359962
0.292642   0.360613
0.292230   0.361265
0.291818   0.361916
0.291404   0.362567
0.290990   0.363218
0.290575   0.363870
0.290158   0.364521
0.289741   0.365173
0.289323   0.365824
0.288903   0.366476
0.288483   0.367128
0.288062   0.367779
0.287640   0.368431
0.287216   0.369083
0.286792   0.369734
0.286367   0.370386
0.285941   0.371038
0.285514   0.371690
0.285086   0.372342
0.284657   0.372994
0.284227   0.373646
0.283796   0.374298
0.283364   0.374950
0.282931   0.375602
0.282497   0.376255
0.282062   0.376907
0.281626   0.377559
0.281189   0.378212
0.280751   0.378864
0.280312   0.379516
0.279872   0.380169
0.279431   0.380821
0.278989   0.381474
0.278546   0.382126
0.278102   0.382779
0.277657   0.383432
0.277211   0.384084
0.276764   0.384737
0.276316   0.385390
0.275867   0.386043
0.275417   0.386695
0.274965   0.387348
0.274513   0.388001
0.274060   0.388654
0.273606   0.389307
0.273151   0.389960
0.272695   0.390613
0.272237   0.391266
0.271779   0.391919
0.271320   0.392572
0.270860   0.393225
0.270398   0.393879
0.269936   0.394532
0.269472   0.395185
0.269008   0.395838
0.268542   0.396492
0.268076   0.397145
0.267608   0.397799
0.267140   0.398452
0.266670   0.399105
0.266199   0.399759
0.265728   0.400412
0.265255   0.401066
0.264781   0.401719
0.264306   0.402373
0.263830   0.403027
0.263353   0.403680
0.262875   0.404334
0.262396   0.404988
0.261916   0.405641
0.261434   0.406295
0.260952   0.406949
0.260469   0.407603
0.259984   0.408257
0.259499   0.408910
0.259012   0.409564
0.258524   0.410218
0.258036   0.410872
0.257546   0.411526
0.257055   0.412180
0.256563   0.412834
0.256070   0.413488
0.255576   0.414142
0.255081   0.414796
0.254584   0.415450
0.254087   0.416104
0.253588   0.416758
0.253089   0.417413
0.252588   0.418067
0.252086   0.418721
0.251584   0.419375
0.251080   0.420029
0.250575   0.420683
0.250069   0.421338
0.249561   0.421992
0.249053   0.422646
0.248544   0.423300
0.248033   0.423955
0.247521   0.424609
0.247009   0.425263
0.246495   0.425918
0.245980   0.426572
0.245464   0.427226
0.244946   0.427881
0.244428   0.428535
0.243909   0.429190
0.243388   0.429844
0.242866   0.430498
0.242343   0.431153
0.241819   0.431807
0.241294   0.432462
0.240768   0.433116
0.240241   0.433771
0.239712   0.434425
0.239183   0.435080
0.238652   0.435734
0.238120   0.436389
0.237587   0.437043
0.237053   0.437698
0.236518   0.438352
0.235981   0.439007
0.235443   0.439661
0.234905   0.440316
0.234365   0.440970
0.233824   0.441625
0.233282   0.442279
0.232738   0.442934
0.232194   0.443588
0.231648   0.444243
0.231101   0.444897
0.230553   0.445552
0.230004   0.446206
0.229453   0.446861
0.228902   0.447515
0.228349   0.448170
0.227795   0.448824
0.227240   0.449479
0.226684   0.450133
0.226127   0.450787
0.225568   0.451442
0.225008   0.452096
0.224447   0.452751
0.223885   0.453405
0.223322   0.454060
0.222757   0.454714
0.222192   0.455368
0.221625   0.456023
0.221057   0.456677
0.220487   0.457332
0.219917   0.457986
0.219345   0.458640
0.218772   0.459295
0.218198   0.459949
0.217623   0.460603
0.217046   0.461257
0.216469   0.461912
0.215890   0.462566
0.215310   0.463220
0.214728   0.463874
0.214146   0.464529
0.213562   0.465183
0.212977   0.465837
0.212391   0.466491
0.211803   0.467145
0.211214   0.467799
0.210624   0.468453
0.210033   0.469107
0.209441   0.469761
0.208847   0.470415
0.208252   0.471069
0.207656   0.471723
0.207059   0.472377
0.206460   0.473031
0.205860   0.473684
0.205259   0.474338
0.204657   0.474992
0.204053   0.475646
0.203449   0.476299
0.202842   0.476953
0.202235   0.477607
0.201626   0.478260
0.201017   0.478914
0.200405   0.479567
0.199793   0.480221
0.199179   0.480874
0.198564   0.481527
0.197948   0.482181
0.197331   0.482834
0.196712   0.483487
0.196092   0.484141
0.195470   0.484794
0.194848   0.485447
0.194224   0.486100
0.193599   0.486753
0.192972   0.487406
0.192345   0.488059
0.191716   0.488712
0.191085   0.489365
0.190454   0.490018
0.189821   0.490670
0.189186   0.491323
0.188551   0.491976
0.187914   0.492628
0.187276   0.493281
0.186636   0.493933
0.185996   0.494586
0.185353   0.495238
0.184710   0.495890
0.184065   0.496543
0.183419   0.497195
0.182772   0.497847
0.182123   0.498499
0.181473   0.499151
0.180822   0.499803
0.180169   0.500455
0.179515   0.501107
0.178860   0.501758
0.178203   0.502410
0.177545   0.503062
0.176886   0.503713
0.176225   0.504365
0.175563   0.505016
0.174900   0.505667
0.174235   0.506319
0.173569   0.506970
0.172901   0.507621
0.172233   0.508272
0.171562   0.508923
0.170891   0.509574
0.170218   0.510225
0.169544   0.510875
0.168868   0.511526
0.168191   0.512177
0.167513   0.512827
0.166833   0.513477
0.166152   0.514128
0.165469   0.514778
0.164785   0.515428
0.164100   0.516078
0.163414   0.516728
0.162726   0.517378
0.162036   0.518028
0.161345   0.518677
0.160653   0.519327
0.159959   0.519976
0.159264   0.520626
0.158568   0.521275
0.157870   0.521924
0.157171   0.522573
0.156470   0.523222
0.155768   0.523871
0.155065   0.524520
0.154360   0.525169
0.153654   0.525817
0.152946   0.526466
0.152237   0.527114
0.151526   0.527762
0.150815   0.528410
0.150101   0.529059
0.149386   0.529706
0.148670   0.530354
0.147952   0.531002
0.147233   0.531650
0.146513   0.532297
0.145791   0.532944
0.145067   0.533592
0.144342   0.534239
0.143616   0.534886
0.142888   0.535533
0.142159   0.536179
0.141428   0.536826
0.140696   0.537472
0.139962   0.538119
0.139227   0.538765
0.138491   0.539411
0.137753   0.540057
0.137013   0.540703
0.136272   0.541349
0.135530   0.541994
0.134786   0.542639
0.134040   0.543285
0.133293   0.543930
0.132545   0.544575
0.131795   0.545220
0.131044   0.545865
0.130291   0.546509
0.129536   0.547154
0.128781   0.547798
0.128023   0.548442
0.127264   0.549086
0.126504   0.549730
0.125742   0.550373
0.124979   0.551017
0.124214   0.551660
0.123448   0.552303
0.122680   0.552947
0.121910   0.553589
0.121139   0.554232
0.120367   0.554875
0.119593   0.555517
0.118817   0.556159
0.118040   0.556801
0.117261   0.557443
0.116481   0.558085
0.115700   0.558727
0.114916   0.559368
0.114132   0.560009
0.113345   0.560650
0.112557   0.561291
0.111768   0.561932
0.110977   0.562572
0.110184   0.563213
0.109390   0.563853
0.108595   0.564493
0.107797   0.565132
0.106999   0.565772
0.106198   0.566411
0.105396   0.567050
0.104593   0.567689
0.103788   0.568328
0.102981   0.568967
0.102173   0.569605
0.101363   0.570243
0.100552   0.570881
0.099739   0.571519
0.098924   0.572157
0.098108   0.572794
0.097290   0.573431
0.096471   0.574068
0.095650   0.574705
0.094827   0.575342
0.094003   0.575978
0.093177   0.576614
0.092349   0.577250
0.091520   0.577886
0.090690   0.578521
0.089857   0.579156
0.089023   0.579791
0.088188   0.580426
0.087351   0.581061
0.086512   0.581695
0.085671   0.582329
0.084829   0.582963
0.083986   0.583596
0.083140   0.584230
0.082293   0.584863
0.081445   0.585496
0.080594   0.586128
0.079742   0.586761
0.078889   0.587393
0.078033   0.588025
0.077177   0.588656
0.076318   0.589288
0.075458   0.589919
0.074596   0.590550
0.073732   0.591181
0.072867   0.591811
0.072000   0.592441
0.071131   0.593071
0.070261   0.593700
0.069389   0.594330
0.068515   0.594959
0.067640   0.595587
0.066763   0.596216
0.065884   0.596844
0.065003   0.597472
0.064121   0.598100
0.063237   0.598727
0.062352   0.599354
0.061465   0.599981
0.060575   0.600608
0.059685   0.601234
0.058792   0.601860
0.057898   0.602486
0.057002   0.603111
0.056105   0.603736
0.055205   0.604361
0.054304   0.604985
0.053401   0.605609
0.052497   0.606233
0.051591   0.606857
0.050683   0.607480
0.049773   0.608103
0.048861   0.608725
0.047948   0.609348
0.047033   0.609970
0.046116   0.610591
0.045198   0.611213
0.044277   0.611834
0.043355   0.612454
0.042431   0.613074
0.041506   0.613695
0.040578   0.614314
0.039649   0.614933
0.038718   0.615552
0.037786   0.616171
0.036851   0.616789
0.035915   0.617407
0.034977   0.618025
0.034037   0.618642
0.033095   0.619259
0.032152   0.619876
0.031207   0.620492
0.030259   0.621108
0.029311   0.621723
0.028360   0.622338
0.027407   0.622953
0.026453   0.623567
0.025497   0.624181
0.024539   0.624795
0.023579   0.625408
0.022618   0.626021
0.021654   0.626633
0.020689   0.627245
0.019722   0.627857
0.018753   0.628469
0.017782   0.629079
0.016809   0.629690
0.015835   0.630300
0.014859   0.630910
0.013881   0.631519
0.012901   0.632128
0.011919   0.632737
0.010935   0.633345
0.009949   0.633952
0.008962   0.634560
0.007972   0.635166
0.006981   0.635773
0.005988   0.636379
0.004993   0.636985
0.003996   0.637590
0.002998   0.638194
0.001997   0.638799
0.000995   0.639403
-0.000010   0.640006
-0.001016   0.640609
-0.002024   0.641211
-0.003034   0.641813
-0.004046   0.642415
-0.005060   0.643016
-0.006076   0.643617
-0.007094   0.644217
-0.008114   0.644817
-0.009135   0.645416
-0.010159   0.646015
-0.011184   0.646614
-0.012211   0.647212
-0.013241   0.647809
-0.014272   0.648406
-0.015305   0.649002
-0.016340   0.649598
-0.017377   0.650194
-0.018416   0.650789
-0.019457   0.651384
-0.020500   0.651978
-0.021544   0.652571
-0.022591   0.653164
-0.023640   0.653757
-0.024691   0.654349
-0.025743   0.654940
-0.026798   0.655531
-0.027854   0.656122
-0.028913   0.656712
-0.029973   0.657301
-0.031036   0.657890
-0.032100   0.658478
-0.033167   0.659066
-0.034235   0.659653
-0.035306   0.660240
-0.036378   0.660826
-0.037453   0.661412
-0.038529   0.661997
-0.039608   0.662582
-0.040688   0.663166
-0.041770   0.663749
-0.042855   0.664332
-0.043941   0.664914
-0.045030   0.665496
-0.046120   0.666077
-0.047213   0.666658
-0.048308   0.667238
-0.049404   0.667818
-0.050503   0.668396
-0.051603   0.668975
-0.052706   0.669552
-0.053811   0.670129
-0.054918   0.670706
-0.056026   0.671282
-0.057137   0.671857
-0.058250   0.672432
-0.059365   0.673006
-0.060482   0.673579
-0.061601   0.674152
-0.062723   0.674724
-0.063846   0.675296
-0.064971   0.675867
-0.066098   0.676437
-0.067228   0.677007
-0.068359   0.677576
-0.069493   0.678144
-0.070629   0.678712
-0.071766   0.679279
-0.072906   0.679846
-0.074048   0.680412
-0.075192   0.680977
-0.076338   0.681541
-0.077487   0.682105
-0.078637   0.682668
-0.079790   0.683230
-0.080944   0.683792
-0.082101   0.684353
-0.083260   0.684914
-0.084421   0.685473
-0.085584   0.686032
-0.086749   0.686591
-0.087916   0.687148
-0.089085   0.687705
-0.090257   0.688261
-0.091431   0.688817
-0.092606   0.689372
-0.093784   0.689926
-0.094965   0.690479
-0.096147   0.691031
-0.097331   0.691583
-0.098518   0.692134
-0.099706   0.692685
-0.100897   0.693234
-0.102090   0.693783
-0.103286   0.694331
-0.104483   0.694879
-0.105682   0.695425
-0.106884   0.695971
-0.108088   0.696516
-0.109294   0.697060
-0.110502   0.697604
-0.111713   0.698146
-0.112925   0.698688
-0.114140   0.699229
-0.115357   0.699770
-0.116576   0.700309
-0.117798   0.700848
-0.119021   0.701386
-0.120247   0.701923
-0.121475   0.702459
-0.122705   0.702995
-0.123938   0.703529
-0.125172   0.704063
-0.126409   0.704596
-0.127648   0.705128
-0.128890   0.705659
-0.130133   0.706190
-0.131379   0.706719
-0.132627   0.707248
-0.133877   0.707776
-0.135129   0.708303
-0.136384   0.708829
-0.137641   0.709354
-0.138900   0.709879
-0.140162   0.710402
-0.141425   0.710925
-0.142691   0.711446
-0.143959   0.711967
-0.145230   0.712487
-0.146503   0.713006
-0.147778   0.713524
-0.149055   0.714041
-0.150334   0.714558
-0.151616   0.715073
-0.152900   0.715587
-0.154186   0.716101
-0.155475   0.716613
-0.156766   0.717125
-0.158059   0.717635
-0.159355   0.718145
-0.160652   0.718654
-0.161952   0.719161
-0.163255   0.719668
-0.164559   0.720174
-0.165866   0.720679
-0.167176   0.721183
-0.168487   0.721685
-0.169801   0.722187
-0.171117   0.722688
-0.172436   0.723188
-0.173756   0.723687
-0.175080   0.724185
-0.176405   0.724681
-0.177733   0.725177
-0.179063   0.725672
-0.180395   0.726166
-0.181730   0.726658
-0.183067   0.727150
-0.184407   0.727640
-0.185748   0.728130
-0.187092   0.728618
-0.188439   0.729106
-0.189788   0.729592
-0.191139   0.730077
-0.192492   0.730561
-0.193848   0.731044
-0.195206   0.731526
-0.196567   0.732007
-0.197930   0.732487
-0.199295   0.732966
-0.200663   0.733443
-0.202033   0.733920
-0.203405   0.734395
-0.204780   0.734869
-0.206157   0.735342
-0.207537   0.735814
-0.208919   0.736285
-0.210303   0.736754
-0.211690   0.737223
-0.213079   0.737690
-0.214470   0.738156
-0.215864   0.738621
-0.217260   0.739085
-0.218659   0.739547
-0.220060   0.740009
-0.221463   0.740469
-0.222869   0.740928
-0.224277   0.741386
-0.225688   0.741842
-0.227101   0.742298
-0.228517   0.742752
-0.229934   0.743204
-0.231355   0.743656
-0.232778   0.744106
-0.234203   0.744556
-0.235630   0.745003
-0.237060   0.745450
-0.238493   0.745895
-0.239927   0.746339
-0.241365   0.746782
-0.242804   0.747224
-0.244247   0.747664
-0.245691   0.748103
-0.247138   0.748540
-0.248588   0.748977
-0.250040   0.749412
-0.251494   0.749845
-0.252951   0.750278
-0.254410   0.750709
-0.255872   0.751138
-0.257336   0.751566
-0.258803   0.751993
-0.260272   0.752419
-0.261743   0.752843
-0.263217   0.753266
-0.264694   0.753687
-0.266173   0.754107
-0.267654   0.754526
-0.269138   0.754943
-0.270624   0.755359
-0.272113   0.755774
-0.273604   0.756187
-0.275098   0.756598
-0.276594   0.757008
-0.278093   0.757417
-0.279594   0.757824
-0.281098   0.758230
-0.282604   0.758634
-0.284113   0.759037
-0.285624   0.759439
-0.287137   0.759839
-0.288654   0.760237
-0.290172   0.760634
-0.291693   0.761030
-0.293217   0.761424
-0.294743   0.761816
-0.296272   0.762207
-0.297803   0.762596
-0.299336   0.762984
-0.300872   0.763370
-0.302411   0.763755
-0.303952   0.764138
-0.305496   0.764520
-0.307042   0.764900
-0.308590   0.765279
-0.310142   0.765656
-0.311695   0.766031
-0.313251   0.766405
-0.314810   0.766777
-0.316371   0.767147
-0.317935   0.767516
-0.319501   0.767883
-0.321070   0.768249
-0.322641   0.768613
-0.324215   0.768975
-0.325791   0.769336
-0.327370   0.769695
-0.328952   0.770053
-0.330536   0.770408
-0.332122   0.770762
-0.333711   0.771115
-0.335303   0.771465
-0.336897   0.771814
-0.338493   0.772161
-0.340092   0.772507
-0.341694   0.772850
-0.343298   0.773192
-0.344905   0.773533
-0.346514   0.773871
-0.348126   0.774208
-0.349740   0.774543
-0.351357   0.774876
-0.352976   0.775208
-0.354598   0.775537
-0.356223   0.775865
-0.357850   0.776191
-0.359479   0.776515
-0.361111   0.776837
-0.362746   0.777158
-0.364383   0.777477
-0.366022   0.777794
-0.367665   0.778109
-0.369309   0.778422
-0.370956   0.778733
-0.372606   0.779042
-0.374259   0.779350
-0.375914   0.779655
-0.377571   0.779959
-0.379231   0.780261
-0.380894   0.780561
-0.382559   0.780859
-0.384226   0.781155
-0.385897   0.781449
-0.387569   0.781741
-0.389245   0.782031
-0.390922   0.782319
-0.392603   0.782605
-0.394286   0.782890
-0.395971   0.783172
-0.397659   0.783452
-0.399350   0.783730
-0.401043   0.784007
-0.402739   0.784281
-0.404437   0.784553
-0.406138   0.784823
-0.407841   0.785091
-0.409547   0.785357
-0.411256   0.785621
-0.412967   0.785883
-0.414680   0.786143
-0.416396   0.786400
-0.418115   0.786656
-0.419836   0.786909
-0.421560   0.787161
-0.423286   0.787410
-0.425015   0.787657
-0.426747   0.787902
-0.428481   0.788145
-0.430217   0.788385
-0.431956   0.788624
-0.433698   0.788860
-0.435442   0.789094
-0.437188   0.789326
-0.438938   0.789555
-0.440689   0.789783
-0.442444   0.790008
-0.444201   0.790231
-0.445960   0.790452
-0.447722   0.790670
-0.449486   0.790886
-0.451253   0.791100
-0.453023   0.791312
-0.454795   0.791521
-0.456569   0.791728
-0.458347   0.791933
-0.460126   0.792135
-0.461908   0.792336
-0.463693   0.792533
-0.465480   0.792729
-0.467270   0.792922
-0.469062   0.793112
-0.470857   0.793301
-0.472655   0.793487
-0.474454   0.793670
-0.476257   0.793851
-0.478062   0.794030
-0.479869   0.794206
-0.481679   0.794380
-0.483492   0.794552
-0.485306   0.794721
-0.487124   0.794887
-0.488944   0.795051
-0.490766   0.795213
-0.492591   0.795372
-0.494419   0.795529
-0.496249   0.795683
-0.498081   0.795834
-0.499916   0.795983
-0.501754   0.796130
-0.503594   0.796274
-0.505436   0.796415
-0.507281   0.796554
-0.509128   0.796690
-0.510978   0.796824
-0.512831   0.796955
-0.514685   0.797083
-0.516543   0.797209
-0.518402   0.797332
-0.520265   0.797453
-0.522130   0.797571
-0.523997   0.797686
-0.525866   0.797799
-0.527738   0.797909
-0.529613   0.798016
-0.531490   0.798120
-0.533369   0.798222
-0.535251   0.798321
-0.537136   0.798418
-0.539023   0.798511
-0.540912   0.798602
-0.542804   0.798690
-0.544698   0.798776
-0.546594   0.798858
-0.548493   0.798938
-0.550394   0.799015
-0.552298   0.799089
-0.554205   0.799161
-0.556113   0.799229
-0.558024   0.799295
-0.559938   0.799358
-0.561853   0.799418
-0.563772   0.799475
-0.565692   0.799529
-0.567615   0.799580
-0.569541   0.799629
-0.571469   0.799674
-0.573399   0.799717
-0.575331   0.799757
-0.577266   0.799793
-0.579203   0.799827
-0.581143   0.799858
-0.583085   0.799886
-0.585029   0.799910
-0.586976   0.799932
-0.588925   0.799951
-0.590877   0.799967
-0.592830   0.799979
-0.594786   0.799989
-0.596745   0.799996
-0.598705   0.799999
-0.600668   0.800000
-0.602634   0.799997
-0.604601   0.799991
-0.606571   0.799983
-0.608544   0.799971
-0.610518   0.799956
-0.612495   0.799938
-0.614474   0.799916
-0.616455   0.799892
-0.618439   0.799864
-0.620425   0.799833
-0.622413   0.799799
-0.624403   0.799762
-0.626396   0.799721
-0.628391   0.799678
-0.630388   0.799631
-0.632387   0.799580
-0.634389   0.799527
-0.636393   0.799470
-0.638399   0.799410
-0.640407   0.799347
-0.642417   0.799280
-0.644430   0.799210
-0.646445   0.799137
-0.648462   0.799060
-0.650481   0.798980
-0.652502   0.798897
-0.654526   0.798810
-0.656552   0.798720
-0.658579   0.798626
-0.660609   0.798529
-0.662642   0.798429
-0.664676   0.798325
-0.666712   0.798218
-0.668751   0.798107
-0.670791   0.797993
-0.672834   0.797875
-0.674879   0.797754
-0.676926   0.797629
-0.678974   0.797501
-0.681026   0.797370
-0.683079   0.797234
-0.685134   0.797096
-0.687191   0.796953
-0.689250   0.796807
-0.691311   0.796658
-0.693375   0.796505
-0.695440   0.796348
-0.697507   0.796188
-0.699577   0.796024
-0.701648   0.795856
-0.703721   0.795685
-0.705797   0.795510
-0.707874   0.795332
-0.709953   0.795149
-0.712034   0.794963
-0.714118   0.794774
-0.716203   0.794580
-0.718290   0.794383
-0.720379   0.794182
-0.722469   0.793978
-0.724562   0.793769
-0.726657   0.793557
-0.728753   0.793341
-0.730852   0.793122
-0.732952   0.792898
-0.735054   0.792671
-0.737158   0.792439
-0.739264   0.792204
-0.741371   0.791965
-0.743481   0.791722
-0.745592   0.791476
-0.747705   0.791225
-0.749820   0.790971
-0.751936   0.790712
-0.754055   0.790450
-0.756175   0.790183
-0.758297   0.789913
-0.760421   0.789639
-0.762546   0.789361
-0.764673   0.789079
-0.766802   0.788792
-0.768932   0.788502
-0.771064   0.788208
-0.773198   0.787910
-0.775334   0.787607
-0.777471   0.787301
-0.779609   0.786990
-0.781750   0.786676
-0.783892   0.786357
-0.786036   0.786034
-0.788181   0.785708
-0.790328   0.785376
-0.792476   0.785041
-0.794626   0.784702
-0.796777   0.784359
-0.798930   0.784011
-0.801085   0.783659
-0.803241   0.783303
-0.805399   0.782943
-0.807558   0.782578
-0.809718   0.782209
-0.811880   0.781836
-0.814044   0.781459
-0.816209   0.781078
-0.818375   0.780692
-0.820543   0.780302
-0.822712   0.779907
-0.824882   0.779509
-0.827054   0.779106
-0.829228   0.778698
-0.831402   0.778287
-0.833578   0.777870
-0.835755   0.777450
-0.837934   0.777025
-0.840114   0.776596
-0.842295   0.776162
-0.844477   0.775724
-0.846661   0.775281
-0.848846   0.774834
-0.851032   0.774383
-0.853220   0.773927
-0.855408   0.773467
-0.857598   0.773002
-0.859789   0.772532
-0.861981   0.772058
-0.864174   0.771580
-0.866368   0.771097
-0.868564   0.770610
-0.870760   0.770117
-0.872958   0.769621
-0.875157   0.769120
-0.877356   0.768614
-0.879557   0.768103
-0.881759   0.767588
-0.883962   0.767068
-0.886166   0.766544
-0.888370   0.766015
-0.890576   0.765481
-0.892783   0.764943
-0.894990   0.764400
-0.897199   0.763853
-0.899408   0.763300
-0.901619   0.762743
-0.903830   0.762181
-0.906042   0.761615
-0.908254   0.761043
-0.910468   0.760467
-0.912682   0.759886
-0.914898   0.759300
-0.917114   0.758710
-0.919330   0.758115
-0.921548   0.757515
-0.923766   0.756910
-0.925985   0.756300
-0.928204   0.755685
-0.930424   0.755066
-0.932645   0.754442
-0.934867   0.753812
-0.937089   0.753178
-0.939311   0.752539
-0.941534   0.751895
-0.943758   0.751247
-0.945983   0.750593
-0.948207   0.749934
-0.950432   0.749270
-0.952658   0.748602
-0.954884   0.747928
-0.957111   0.747250
-0.959338   0.746566
-0.961566   0.745877
-0.963793   0.745184
-0.966022   0.744485
-0.968250   0.743781
-0.970479   0.743073
-0.972708   0.742359
-0.974938   0.741640
-0.977168   0.740916
-0.979398   0.740187
-0.981628   0.739453
-0.983858   0.738714
-0.986089   0.737969
-0.988320   0.737220
-0.990551   0.736465
-0.992782   0.735705
-0.995013   0.734941
-0.997244   0.734170
-0.999475   0.733395
-1.001707   0.732615
-1.003938   0.731829
-1.006169   0.731038
-1.008401   0.730242
-1.010632   0.729441
-1.012863   0.728634
-1.015094   0.727823
-1.017326   0.727006
-1.019556   0.726183
-1.021787   0.725356
-1.024018   0.724523
-1.026248   0.723685
-1.028478   0.722842
-1.030708   0.721993
-1.032938   0.721139
-1.035168   0.720280
-1.037397   0.719415
-1.039625   0.718545
-1.041854   0.717670
-1.044082   0.716789
-1.046310   0.715903
-1.048537   0.715011
-1.050764   0.714115
-1.052990   0.713212
-1.055216   0.712305
-1.057441   0.711392
-1.059666   0.710473
-1.061890   0.709550
-1.064114   0.708620
-1.066337   0.707686
-1.068560   0.706746
-1.070781   0.705800
-1.073003   0.704849
-1.075223   0.703892
-1.077443   0.702930
-1.079662   0.701963
-1.081880   0.700990
-1.084097   0.700011
-1.086314   0.699027
-1.088530   0.698038
-1.090744   0.697043
-1.092958   0.696042
-1.095171   0.695036
-1.097383   0.694025
-1.099595   0.693007
-1.101805   0.691985
-1.104014   0.690956
-1.106222   0.689923
-1.108429   0.688883
-1.110635   0.687838
-1.112839   0.686788
-1.115043   0.685731
-1.117246   0.684670
-1.119447   0.683602
-1.121647   0.682529
-1.123845   0.681451
-1.126043   0.680366
-1.128239   0.679277
-1.130434   0.678181
-1.132627   0.677080
-1.134819   0.675973
-1.137010   0.674861
-1.139199   0.673743
-1.141387   0.672619
-1.143573   0.671490
-1.145758   0.670354
-1.147941   0.669214
-1.150123   0.668067
-1.152302   0.666915
-1.154481   0.665757
-1.156657   0.664594
-1.158832   0.663424
-1.161006   0.662250
-1.163177   0.661069
-1.165347   0.659883
-1.167515   0.658691
-1.169681   0.657493
-1.171845   0.656289
-1.174007   0.655080
-1.176168   0.653865
-1.178327   0.652644
-1.180483   0.651418
-1.182637   0.650186
-1.184790   0.648948
-1.186941   0.647704
-1.189089   0.646455
-1.191235   0.645199
-1.193379   0.643938
-1.195521   0.642672
-1.197661   0.641399
-1.199798   0.640121
-1.201934   0.638837
-1.204067   0.637547
-1.206197   0.636252
-1.208326   0.634950
-1.210451   0.633643
-1.212575   0.632330
-1.214696   0.631011
-1.216814   0.629687
-1.218930   0.628357
-1.221044   0.627020
-1.223155   0.625679
-1.225263   0.624331
-1.227369   0.622978
-1.229472   0.621618
-1.231573   0.620253
-1.233670   0.618882
-1.235765   0.617506
-1.237858   0.616123
-1.239947   0.614735
-1.242033   0.613341
-1.244117   0.611941
-1.246198   0.610536
-1.248276   0.609124
-1.250351   0.607707
-1.252423   0.606284
-1.254492   0.604855
-1.256558   0.603421
-1.258620   0.601980
-1.260680   0.600534
-1.262736   0.599082
-1.264790   0.597624
-1.266840   0.596161
-1.268887   0.594691
-1.270930   0.593216
-1.272971   0.591735
-1.275008   0.590249
-1.277041   0.588756
-1.279072   0.587258
-1.281098   0.585754
-1.283121   0.584244
-1.285141   0.582728
-1.287158   0.581207
-1.289170   0.579679
-1.291179   0.578146
-1.293185   0.576608
-1.295187   0.575063
-1.297185   0.573513
-1.299180   0.571957
-1.301170   0.570395
-1.303157   0.568828
-1.305140   0.567254
-1.307119   0.565675
-1.309095   0.564090
-1.311066   0.562500
-1.313034   0.560904
-1.314997   0.559302
-1.316957   0.557694
-1.318912   0.556081
-1.320864   0.554462
-1.322811   0.552837
-1.324754   0.551206
-1.326693   0.549570
-1.328628   0.547928
-1.330558   0.546280
-1.332484   0.544627
-1.334406   0.542968
-1.336324   0.541303
-1.338237   0.539633
-1.340146   0.537957
-1.342050   0.536275
-1.343950   0.534588
-1.345845   0.532895
-1.347736   0.531197
-1.349623   0.529492
-1.351504   0.527782
-1.353381   0.526067
-1.355254   0.524346
-1.357121   0.522619
-1.358984   0.520887
-1.360842   0.519149
-1.362696   0.517406
-1.364544   0.515657
-1.366388   0.513902
-1.368226   0.512142
-1.370060   0.510377
-1.371889   0.508606
-1.373713   0.506829
-1.375532   0.505047
-1.377346   0.503259
-1.379154   0.501466
-1.380958   0.499667
-1.382756   0.497863
-1.384549   0.496053
-1.386337   0.494238
-1.388119   0.492418
-1.389897   0.490592
-1.391669   0.488760
-1.393435   0.486924
-1.395197   0.485081
-1.396953   0.483234
-1.398703   0.481381
-1.400447   0.479522
-1.402187   0.477658
-1.403921   0.475789
-1.405649   0.473915
-1.407371   0.472035
-1.409088   0.470150
-1.410799   0.468260
-1.412505   0.466364
-1.414204   0.464463
-1.415898   0.462557
-1.417586   0.460645
-1.419268   0.458728
-1.420945   0.456806
-1.422615   0.454879
-1.424279   0.452947
-1.425938   0.451009
-1.427590   0.449066
-1.429237   0.447118
-1.430877   0.445165
-1.432511   0.443207
-1.434139   0.441244
-1.435760   0.439275
-1.437376   0.437302
-1.438985   0.435323
-1.440588   0.433339
-1.442185   0.431351
-1.443776   0.429357
-1.445360   0.427358
-1.446937   0.425354
-1.448508   0.423345
-1.450073   0.421332
-1.451631   0.419313
-1.453183   0.417289
-1.454728   0.415261
-1.456267   0.413227
-1.457798   0.411189
-1.459324   0.409146
-1.460842   0.407098
-1.462354   0.405045
-1.463859   0.402987
-1.465357   0.400924
-1.466848   0.398857
-1.468333   0.396785
-1.469811   0.394708
-1.471282   0.392627
-1.472746   0.390540
-1.474203   0.388449
-1.475652   0.386354
-1.477095   0.384253
-1.478531   0.382148
-1.479960   0.380039
-1.481381   0.377925
-1.482796   0.375806
-1.484203   0.373682
-1.485603   0.371554
-1.486996   0.369422
-1.488381   0.367285
-1.489759   0.365144
-1.491130   0.362998
-1.492494   0.360848
-1.493850   0.358693
-1.495199   0.356534
-1.496540   0.354370
-1.497874   0.352202
-1.499200   0.350030
-1.500519   0.347854
-1.501830   0.345673
-1.503134   0.343488
-1.504430   0.341298
-1.505718   0.339105
-1.506999   0.336907
-1.508271   0.334705
-1.509537   0.332499
-1.510794   0.330288
-1.512044   0.328074
-1.513286   0.325856
-1.514520   0.323633
-1.515746   0.321406
-1.516964   0.319176
-1.518175   0.316941
-1.519377   0.314702
-1.520571   0.312460
-1.521758   0.310213
-1.522936   0.307963
-1.524106   0.305708
-1.525269   0.303450
-1.526423   0.301188
-1.527569   0.298922
-1.528707   0.296652
-1.529836   0.294379
-1.530957   0.292102
-1.532071   0.289821
-1.533176   0.287536
-1.534272   0.285248
-1.535361   0.282956
-1.536441   0.280661
-1.537512   0.278362
-1.538576   0.276059
-1.539631   0.273753
-1.540677   0.271443
-1.541715   0.269130
-1.542744   0.266813
-1.543765   0.264493
-1.544778   0.262170
-1.545781   0.259843
-1.546777   0.257513
-1.547764   0.255179
-1.548741   0.252842
-1.549711   0.250502
-1.550672   0.248159
-1.551624   0.245812
-1.552567   0.243462
-1.553502   0.241110
-1.554428   0.238753
-1.555345   0.236394
-1.556253   0.234032
-1.557153   0.231667
-1.558043   0.229299
-1.558925   0.226927
-1.559798   0.224553
-1.560662   0.222176
-1.561517   0.219796
-1.562364   0.217413
-1.563200   0.215027
-1.564029   0.212638
-1.564848   0.210247
-1.565658   0.207853
-1.566459   0.205456
-1.567251   0.203056
-1.568034   0.200654
-1.568808   0.198249
-1.569573   0.195841
-1.570329   0.193431
-1.571075   0.191018
-1.571813   0.188603
-1.572541   0.186186
-1.573260   0.183765
-1.573970   0.181343
-1.574670   0.178918
-1.575361   0.176490
-1.576043   0.174061
-1.576716   0.171629
-1.577379   0.169194
-1.578034   0.166758
-1.578678   0.164319
-1.579314   0.161878
-1.579940   0.159435
-1.580556   0.156990
-1.581164   0.154542
-1.581762   0.152093
-1.582350   0.149641
-1.582929   0.147188
-1.583498   0.144733
-1.584059   0.142275
-1.584609   0.139816
-1.585150   0.137355
-1.585682   0.134892
-1.586204   0.132427
-1.586716   0.129961
-1.587220   0.127493
-1.587713   0.125023
-1.588197   0.122551
-1.588671   0.120078
-1.589136   0.117603
-1.589591   0.115126
-1.590037   0.112648
-1.590472   0.110169
-1.590899   0.107688
-1.591315   0.105205
-1.591722   0.102721
-1.592120   0.100236
-1.592507   0.097750
-1.592885   0.095262
-1.593253   0.092772
-1.593612   0.090282
-1.593961   0.087790
-1.594300   0.085297
-1.594629   0.082803
-1.594949   0.080308
-1.595258   0.077812
-1.595559   0.075315
-1.595849   0.072816
-1.596130   0.070317
-1.596400   0.067817
-1.596662   0.065316
-1.596913   0.062814
-1.597154   0.060311
-1.597386   0.057807
-1.597608   0.055303
-1.597820   0.052797
-1.598022   0.050291
-1.598215   0.047785
-1.598397   0.045278
-1.598570   0.042770
-1.598733   0.040261
-1.598886   0.037752
-1.599029   0.035243
-1.599163   0.032733
-1.599286   0.030222
-1.599400   0.027711
-1.599504   0.025200
-1.599598   0.022689
-1.599682   0.020177
-1.599756   0.017665
-1.599821   0.015152
-1.599875   0.012640
-1.599920   0.010127
-1.599955   0.007614
-1.599980   0.005101
-1.599995   0.002588
-1.600000   0.000075
-1.599995   -0.002438
-1.599981   -0.004952
-1.599956   -0.007465
-1.599922   -0.009978
-1.599878   -0.012490
-1.599824   -0.015003
-1.599760   -0.017515
-1.599687   -0.020027
-1.599603   -0.022539
-1.599510   -0.025051
-1.599406   -0.027562
-1.599293   -0.030073
-1.599170   -0.032584
-1.599037   -0.035094
-1.598895   -0.037603
-1.598742   -0.040112
-1.598580   -0.042621
-1.598408   -0.045129
-1.598226   -0.047636
-1.598034   -0.050143
-1.597832   -0.052649
-1.597620   -0.055154
-1.597399   -0.057658
-1.597168   -0.060162
-1.596927   -0.062665
-1.596677   -0.065167
-1.596416   -0.067668
-1.596146   -0.070169
-1.595866   -0.072668
-1.595576   -0.075166
-1.595277   -0.077664
-1.594967   -0.080160
-1.594648   -0.082655
-1.594319   -0.085149
-1.593981   -0.087642
-1.593633   -0.090134
-1.593275   -0.092625
-1.592907   -0.095114
-1.592530   -0.097602
-1.592143   -0.100089
-1.591746   -0.102574
-1.591340   -0.105058
-1.590924   -0.107540
-1.590498   -0.110021
-1.590063   -0.112501
-1.589618   -0.114979
-1.589163   -0.117456
-1.588699   -0.119931
-1.588225   -0.122404
-1.587742   -0.124876
-1.587249   -0.127346
-1.586747   -0.129814
-1.586235   -0.132281
-1.585713   -0.134746
-1.585182   -0.137209
-1.584642   -0.139670
-1.584092   -0.142129
-1.583532   -0.144587
-1.582963   -0.147042
-1.582385   -0.149496
-1.581797   -0.151947
-1.581199   -0.154397
-1.580593   -0.156844
-1.579977   -0.159290
-1.579351   -0.161733
-1.578716   -0.164174
-1.578072   -0.166613
-1.577419   -0.169050
-1.576756   -0.171484
-1.576084   -0.173916
-1.575402   -0.176346
-1.574711   -0.178774
-1.574012   -0.181199
-1.573302   -0.183622
-1.572584   -0.186042
-1.571856   -0.188460
-1.571119   -0.190875
-1.570373   -0.193288
-1.569618   -0.195698
-1.568854   -0.198106
-1.568081   -0.200511
-1.567298   -0.202913
-1.566507   -0.205313
-1.565706   -0.207710
-1.564896   -0.210105
-1.564078   -0.212496
-1.563250   -0.214885
-1.562413   -0.217271
-1.561568   -0.219654
-1.560713   -0.222035
-1.559850   -0.224412
-1.558977   -0.226786
-1.558096   -0.229158
-1.557206   -0.231526
-1.556307   -0.233892
-1.555399   -0.236254
-1.554483   -0.238613
-1.553557   -0.240970
-1.552623   -0.243323
-1.551680   -0.245673
-1.550729   -0.248020
-1.549768   -0.250363
-1.548799   -0.252703
-1.547822   -0.255040
-1.546836   -0.257374
-1.545841   -0.259705
-1.544838   -0.262032
-1.543826   -0.264355
-1.542805   -0.266676
-1.541776   -0.268992
-1.540739   -0.271306
-1.539693   -0.273616
-1.538638   -0.275922
-1.537576   -0.278225
-1.536505   -0.280524
-1.535425   -0.282820
-1.534337   -0.285112
-1.533241   -0.287400
-1.532137   -0.289685
-1.531024   -0.291966
-1.529903   -0.294244
-1.528774   -0.296517
-1.527637   -0.298787
-1.526491   -0.301053
-1.525337   -0.303316
-1.524176   -0.305574
-1.523006   -0.307829
-1.521828   -0.310080
-1.520642   -0.312326
-1.519448   -0.314569
-1.518246   -0.316808
-1.517036   -0.319043
-1.515818   -0.321274
-1.514593   -0.323501
-1.513359   -0.325724
-1.512118   -0.327942
-1.510869   -0.330157
-1.509612   -0.332368
-1.508347   -0.334574
-1.507074   -0.336776
-1.505794   -0.338974
-1.504506   -0.341168
-1.503211   -0.343358
-1.501908   -0.345543
-1.500597   -0.347724
-1.499279   -0.349901
-1.497953   -0.352073
-1.496619   -0.354242
-1.495279   -0.356405
-1.493930   -0.358565
-1.492575   -0.360720
-1.491212   -0.362870
-1.489841   -0.365016
-1.488463   -0.367158
-1.487078   -0.369295
-1.485686   -0.371428
-1.484286   -0.373556
-1.482879   -0.375680
-1.481465   -0.377799
-1.480044   -0.379913
-1.478616   -0.382023
-1.477181   -0.384128
-1.475738   -0.386229
-1.474289   -0.388325
-1.472832   -0.390416
-1.471369   -0.392503
-1.469898   -0.394585
-1.468421   -0.396662
-1.466937   -0.398734
-1.465446   -0.400802
-1.463948   -0.402865
-1.462443   -0.404923
-1.460932   -0.406976
-1.459414   -0.409024
-1.457889   -0.411068
-1.456358   -0.413106
-1.454820   -0.415140
-1.453275   -0.417169
-1.451724   -0.419193
-1.450166   -0.421212
-1.448601   -0.423226
-1.447031   -0.425235
-1.445454   -0.427239
-1.443870   -0.429238
-1.442280   -0.431232
-1.440684   -0.433221
-1.439081   -0.435205
-1.437472   -0.437184
-1.435857   -0.439158
-1.434235   -0.441127
-1.432608   -0.443091
-1.430974   -0.445049
-1.429334   -0.447003
-1.427688   -0.448951
-1.426036   -0.450894
-1.424378   -0.452832
-1.422714   -0.454764
-1.421044   -0.456692
-1.419368   -0.458614
-1.417686   -0.460531
-1.415998   -0.462443
-1.414305   -0.464350
-1.412606   -0.466251
-1.410901   -0.468147
-1.409190   -0.470038
-1.407473   -0.471923
-1.405751   -0.473803
-1.404023   -0.475678
-1.402290   -0.477548
-1.400551   -0.479412
-1.398806   -0.481270
-1.397056   -0.483124
-1.395301   -0.484972
-1.393540   -0.486814
-1.391774   -0.488651
-1.390002   -0.490483
-1.388225   -0.492309
-1.386443   -0.494130
-1.384655   -0.495946
-1.382862   -0.497756
-1.381064   -0.499560
-1.379261   -0.501359
-1.377453   -0.503153
-1.375640   -0.504941
-1.373821   -0.506723
-1.371998   -0.508500
-1.370169   -0.510272
-1.368335   -0.512038
-1.366497   -0.513798
-1.364654   -0.515553
-1.362806   -0.517302
-1.360953   -0.519046
-1.359095   -0.520784
-1.357232   -0.522517
-1.355365   -0.524244
-1.353493   -0.525965
-1.351616   -0.527681
-1.349735   -0.529391
-1.347848   -0.531096
-1.345958   -0.532794
-1.344063   -0.534488
-1.342163   -0.536175
-1.340259   -0.537857
-1.338351   -0.539534
-1.336438   -0.541204
-1.334520   -0.542869
-1.332599   -0.544529
-1.330673   -0.546182
-1.328743   -0.547830
-1.326808   -0.549473
-1.324869   -0.551109
-1.322926   -0.552740
-1.320979   -0.554365
-1.319028   -0.555985
-1.317073   -0.557598
-1.315114   -0.559206
-1.313151   -0.560809
-1.311183   -0.562405
-1.309212   -0.563996
-1.307237   -0.565581
-1.305258   -0.567161
-1.303275   -0.568734
-1.301288   -0.570302
-1.299298   -0.571864
-1.297304   -0.573421
-1.295306   -0.574971
-1.293304   -0.576516
-1.291299   -0.578055
-1.289290   -0.579589
-1.287277   -0.581116
-1.285261   -0.582638
-1.283242   -0.584154
-1.281219   -0.585664
-1.279192   -0.587169
-1.277162   -0.588667
-1.275128   -0.590160
-1.273092   -0.591647
-1.271052   -0.593128
-1.269008   -0.594604
-1.266962   -0.596074
-1.264912   -0.597538
-1.262859   -0.598996
-1.260802   -0.600448
-1.258743   -0.601895
-1.256680   -0.603335
-1.254614   -0.604770
-1.252546   -0.606199
-1.250474   -0.607623
-1.248399   -0.609040
-1.246322   -0.610452
-1.244241   -0.611858
-1.242157   -0.613258
-1.240071   -0.614653
-1.237982   -0.616041
-1.235890   -0.617424
-1.233795   -0.618801
-1.231697   -0.620172
-1.229597   -0.621537
-1.227494   -0.622897
-1.225389   -0.624251
-1.223280   -0.625599
-1.221169   -0.626941
-1.219056   -0.628277
-1.216940   -0.629608
-1.214822   -0.630933
-1.212701   -0.632252
-1.210577   -0.633565
-1.208452   -0.634873
-1.206324   -0.636174
-1.204193   -0.637470
-1.202060   -0.638760
-1.199925   -0.640045
-1.197788   -0.641323
-1.195648   -0.642596
-1.193506   -0.643863
-1.191363   -0.645125
-1.189216   -0.646380
-1.187068   -0.647630
-1.184918   -0.648874
-1.182765   -0.650112
-1.180611   -0.651345
-1.178455   -0.652572
-1.176296   -0.653793
-1.174136   -0.655008
-1.171974   -0.656218
-1.169809   -0.657421
-1.167644   -0.658620
-1.165476   -0.659812
-1.163306   -0.660999
-1.161135   -0.662180
-1.158962   -0.663355
-1.156787   -0.664524
-1.154610   -0.665688
-1.152432   -0.666846
-1.150252   -0.667999
-1.148070   -0.669146
-1.145887   -0.670287
-1.143703   -0.671422
-1.141517   -0.672552
-1.139329   -0.673676
-1.137140   -0.674794
-1.134949   -0.675907
-1.132757   -0.677014
-1.130564   -0.678116
-1.128369   -0.679212
-1.126173   -0.680302
-1.123976   -0.681386
-1.121777   -0.682465
-1.119577   -0.683539
-1.117376   -0.684606
-1.115174   -0.685669
-1.112970   -0.686725
-1.110766   -0.687776
-1.108560   -0.688821
-1.106353   -0.689861
-1.104145   -0.690895
-1.101936   -0.691924
-1.099726   -0.692947
-1.097515   -0.693964
-1.095303   -0.694976
-1.093090   -0.695983
-1.090876   -0.696983
-1.088661   -0.697979
-1.086445   -0.698969
-1.084229   -0.699953
-1.082012   -0.700932
-1.079793   -0.701905
-1.077574   -0.702873
-1.075355   -0.703835
-1.073135   -0.704792
-1.070913   -0.705744
-1.068692   -0.706689
-1.066469   -0.707630
-1.064246   -0.708565
-1.062022   -0.709495
-1.059798   -0.710419
-1.057573   -0.711337
-1.055348   -0.712251
-1.053122   -0.713159
-1.050896   -0.714061
-1.048669   -0.714958
-1.046442   -0.715850
-1.044214   -0.716736
-1.041986   -0.717617
-1.039758   -0.718493
-1.037529   -0.719363
-1.035300   -0.720228
-1.033071   -0.721088
-1.030841   -0.721942
-1.028611   -0.722791
-1.026381   -0.723635
-1.024150   -0.724473
-1.021920   -0.725307
-1.019689   -0.726134
-1.017458   -0.726957
-1.015227   -0.727774
-1.012996   -0.728586
-1.010764   -0.729393
-1.008533   -0.730195
-1.006302   -0.730991
-1.004070   -0.731782
-1.001839   -0.732568
-0.999608   -0.733349
-0.997376   -0.734125
-0.995145   -0.734895
-0.992914   -0.735660
-0.990683   -0.736420
-0.988452   -0.737175
-0.986221   -0.737925
-0.983991   -0.738670
-0.981760   -0.739409
-0.979530   -0.740143
-0.977300   -0.740873
-0.975070   -0.741597
-0.972841   -0.742316
-0.970612   -0.743030
-0.968383   -0.743739
-0.966154   -0.744443
-0.963926   -0.745142
-0.961698   -0.745836
-0.959470   -0.746525
-0.957243   -0.747209
-0.955017   -0.747888
-0.952790   -0.748562
-0.950565   -0.749231
-0.948339   -0.749895
-0.946114   -0.750554
-0.943890   -0.751208
-0.941666   -0.751857
-0.939443   -0.752501
-0.937221   -0.753141
-0.934999   -0.753775
-0.932777   -0.754404
-0.930556   -0.755029
-0.928336   -0.755649
-0.926116   -0.756264
-0.923898   -0.756874
-0.921679   -0.757479
-0.919462   -0.758079
-0.917245   -0.758675
-0.915029   -0.759266
-0.912814   -0.759852
-0.910599   -0.760433
-0.908386   -0.761009
-0.906173   -0.761581
-0.903961   -0.762148
-0.901750   -0.762710
-0.899540   -0.763267
-0.897330   -0.763820
-0.895122   -0.764368
-0.892914   -0.764911
-0.890707   -0.765450
-0.888501   -0.765984
-0.886297   -0.766513
-0.884093   -0.767037
-0.881890   -0.767557
-0.879688   -0.768073
-0.877487   -0.768583
-0.875287   -0.769090
-0.873088   -0.769591
-0.870891   -0.770088
-0.868694   -0.770580
-0.866499   -0.771068
-0.864304   -0.771551
-0.862111   -0.772030
-0.859919   -0.772504
-0.857728   -0.772974
-0.855538   -0.773439
-0.853349   -0.773900
-0.851162   -0.774356
-0.848976   -0.774808
-0.846791   -0.775255
-0.844607   -0.775698
-0.842425   -0.776136
-0.840243   -0.776570
-0.838063   -0.777000
-0.835885   -0.777425
-0.833707   -0.777846
-0.831531   -0.778262
-0.829357   -0.778674
-0.827183   -0.779082
-0.825011   -0.779485
-0.822841   -0.779884
-0.820671   -0.780279
-0.818504   -0.780669
-0.816337   -0.781055
-0.814172   -0.781437
-0.812009   -0.781814
-0.809847   -0.782188
-0.807686   -0.782556
-0.805527   -0.782921
-0.803369   -0.783282
-0.801213   -0.783638
-0.799058   -0.783990
-0.796905   -0.784338
-0.794754   -0.784682
-0.792604   -0.785021
-0.790455   -0.785357
-0.788308   -0.785688
-0.786163   -0.786015
-0.784019   -0.786338
-0.781877   -0.786657
-0.779737   -0.786972
-0.777598   -0.787283
-0.775460   -0.787589
-0.773325   -0.787892
-0.771191   -0.788190
-0.769059   -0.788485
-0.766928   -0.788775
-0.764799   -0.789062
-0.762672   -0.789344
-0.760547   -0.789623
-0.758423   -0.789897
-0.756301   -0.790168
-0.754181   -0.790434
-0.752062   -0.790697
-0.749946   -0.790955
-0.747831   -0.791210
-0.745717   -0.791461
-0.743606   -0.791708
-0.741497   -0.791951
-0.739389   -0.792190
-0.737283   -0.792426
-0.735179   -0.792657
-0.733077   -0.792885
-0.730976   -0.793108
-0.728878   -0.793328
-0.726781   -0.793545
-0.724686   -0.793757
-0.722594   -0.793966
-0.720503   -0.794170
-0.718414   -0.794371
-0.716327   -0.794569
-0.714241   -0.794762
-0.712158   -0.794952
-0.710077   -0.795138
-0.707997   -0.795321
-0.705920   -0.795500
-0.703845   -0.795675
-0.701771   -0.795846
-0.699700   -0.796014
-0.697630   -0.796178
-0.695563   -0.796339
-0.693497   -0.796496
-0.691434   -0.796649
-0.689372   -0.796799
-0.687313   -0.796945
-0.685256   -0.797087
-0.683200   -0.797226
-0.681147   -0.797362
-0.679096   -0.797494
-0.677047   -0.797622
-0.675000   -0.797747
-0.672955   -0.797868
-0.670912   -0.797986
-0.668871   -0.798100
-0.666833   -0.798211
-0.664796   -0.798319
-0.662762   -0.798423
-0.660730   -0.798523
-0.658700   -0.798621
-0.656672   -0.798714
-0.654646   -0.798805
-0.652622   -0.798892
-0.650601   -0.798975
-0.648582   -0.799055
-0.646564   -0.799132
-0.644549   -0.799206
-0.642537   -0.799276
-0.640526   -0.799343
-0.638518   -0.799406
-0.636512   -0.799467
-0.634508   -0.799524
-0.632506   -0.799577
-0.630506   -0.799628
-0.628509   -0.799675
-0.626514   -0.799719
-0.624521   -0.799759
-0.622531   -0.799797
-0.620542   -0.799831
-0.618556   -0.799862
-0.616573   -0.799890
-0.614591   -0.799915
-0.612612   -0.799936
-0.610635   -0.799955
-0.608660   -0.799970
-0.606688   -0.799982
-0.604718   -0.799991
-0.602750   -0.799997
-0.600785   -0.800000
-0.598822   -0.799999
-0.596861   -0.799996
-0.594902   -0.799990
-0.592946   -0.799980
-0.590992   -0.799968
-0.589041   -0.799952
-0.587092   -0.799933
-0.585145   -0.799912
-0.583200   -0.799887
-0.581258   -0.799859
-0.579318   -0.799829
-0.577381   -0.799795
-0.575446   -0.799759
-0.573513   -0.799719
-0.571583   -0.799677
-0.569655   -0.799632
-0.567729   -0.799583
-0.565806   -0.799532
-0.563885   -0.799478
-0.561967   -0.799421
-0.560051   -0.799361
-0.558137   -0.799299
-0.556226   -0.799233
-0.554318   -0.799165
-0.552411   -0.799094
-0.550507   -0.799020
-0.548606   -0.798943
-0.546707   -0.798863
-0.544810   -0.798781
-0.542916   -0.798696
-0.541024   -0.798607
-0.539134   -0.798517
-0.537248   -0.798423
-0.535363   -0.798327
-0.533481   -0.798228
-0.531601   -0.798126
-0.529724   -0.798022
-0.527849   -0.797915
-0.525977   -0.797805
-0.524107   -0.797693
-0.522240   -0.797578
-0.520375   -0.797460
-0.518513   -0.797339
-0.516653   -0.797216
-0.514795   -0.797091
-0.512940   -0.796962
-0.511088   -0.796832
-0.509238   -0.796698
-0.507390   -0.796562
-0.505545   -0.796423
-0.503703   -0.796282
-0.501862   -0.796138
-0.500025   -0.795992
-0.498190   -0.795843
-0.496357   -0.795692
-0.494527   -0.795538
-0.492699   -0.795381
-0.490874   -0.795222
-0.489052   -0.795061
-0.487232   -0.794897
-0.485414   -0.794731
-0.483599   -0.794562
-0.481786   -0.794391
-0.479976   -0.794217
-0.478169   -0.794041
-0.476364   -0.793862
-0.474561   -0.793681
-0.472761   -0.793498
-0.470964   -0.793312
-0.469169   -0.793124
-0.467376   -0.792933
-0.465586   -0.792740
-0.463799   -0.792545
-0.462014   -0.792347
-0.460232   -0.792147
-0.458452   -0.791945
-0.456675   -0.791740
-0.454900   -0.791534
-0.453128   -0.791324
-0.451358   -0.791113
-0.449591   -0.790899
-0.447826   -0.790683
-0.446064   -0.790465
-0.444305   -0.790244
-0.442548   -0.790021
-0.440793   -0.789796
-0.439041   -0.789569
-0.437292   -0.789339
-0.435545   -0.789108
-0.433801   -0.788874
-0.432059   -0.788638
-0.430320   -0.788399
-0.428583   -0.788159
-0.426849   -0.787916
-0.425118   -0.787671
-0.423389   -0.787425
-0.421662   -0.787175
-0.419938   -0.786924
-0.418217   -0.786671
-0.416498   -0.786415
-0.414782   -0.786158
-0.413068   -0.785898
-0.411357   -0.785637
-0.409648   -0.785373
-0.407942   -0.785107
-0.406239   -0.784839
-0.404538   -0.784569
-0.402839   -0.784297
-0.401144   -0.784023
-0.399450   -0.783747
-0.397759   -0.783469
-0.396071   -0.783189
-0.394386   -0.782906
-0.392702   -0.782622
-0.391022   -0.782336
-0.389344   -0.782048
-0.387668   -0.781758
-0.385996   -0.781466
-0.384325   -0.781172
-0.382657   -0.780876
-0.380992   -0.780578
-0.379329   -0.780279
-0.377669   -0.779977
-0.376012   -0.779673
-0.374357   -0.779368
-0.372704   -0.779061
-0.371054   -0.778751
-0.369407   -0.778440
-0.367762   -0.778127
-0.366120   -0.777812
-0.364480   -0.777496
-0.362843   -0.777177
-0.361208   -0.776857
-0.359576   -0.776534
-0.357946   -0.776210
-0.356319   -0.775884
-0.354695   -0.775557
-0.353073   -0.775227
-0.351453   -0.774896
-0.349836   -0.774563
-0.348222   -0.774228
-0.346610   -0.773891
-0.345001   -0.773553
-0.343394   -0.773213
-0.341790   -0.772871
-0.340188   -0.772527
-0.338589   -0.772182
-0.336993   -0.771835
-0.335398   -0.771486
-0.333807   -0.771136
-0.332218   -0.770784
-0.330631   -0.770430
-0.329047   -0.770074
-0.327466   -0.769717
-0.325887   -0.769358
-0.324311   -0.768997
-0.322737   -0.768635
-0.321166   -0.768271
-0.319597   -0.767906
-0.318031   -0.767539
-0.316467   -0.767170
-0.314906   -0.766800
-0.313347   -0.766428
-0.311791   -0.766054
-0.310237   -0.765679
-0.308686   -0.765302
-0.307137   -0.764924
-0.305591   -0.764544
-0.304047   -0.764162
-0.302506   -0.763779
-0.300967   -0.763394
-0.299431   -0.763008
-0.297898   -0.762620
-0.296367   -0.762231
-0.294838   -0.761840
-0.293312   -0.761448
-0.291788   -0.761054
-0.290267   -0.760659
-0.288748   -0.760262
-0.287232   -0.759864
-0.285719   -0.759464
-0.284207   -0.759063
-0.282699   -0.758660
-0.281192   -0.758256
-0.279689   -0.757850
-0.278188   -0.757443
-0.276689   -0.757034
-0.275192   -0.756624
-0.273699   -0.756213
-0.272207   -0.755800
-0.270719   -0.755385
-0.269232   -0.754970
-0.267748   -0.754553
-0.266267   -0.754134
-0.264788   -0.753714
-0.263311   -0.753293
-0.261837   -0.752870
-0.260366   -0.752446
-0.258897   -0.752021
-0.257430   -0.751594
-0.255966   -0.751166
-0.254504   -0.750736
-0.253045   -0.750305
-0.251588   -0.749873
-0.250133   -0.749440
-0.248681   -0.749005
-0.247232   -0.748569
-0.245785   -0.748131
-0.244340   -0.747692
-0.242898   -0.747252
-0.241458   -0.746811
-0.240021   -0.746368
-0.238586   -0.745924
-0.237153   -0.745479
-0.235723   -0.745033
-0.234296   -0.744585
-0.232871   -0.744136
-0.231448   -0.743686
-0.230027   -0.743234
-0.228610   -0.742781
-0.227194   -0.742327
-0.225781   -0.741872
-0.224370   -0.741416
-0.222962   -0.740958
-0.221556   -0.740499
-0.220152   -0.740039
-0.218751   -0.739578
-0.217353   -0.739116
-0.215956   -0.738652
-0.214563   -0.738187
-0.213171   -0.737721
-0.211782   -0.737254
-0.210395   -0.736786
-0.209011   -0.736316
-0.207629   -0.735846
-0.206249   -0.735374
-0.204872   -0.734901
-0.203497   -0.734427
-0.202125   -0.733952
-0.200755   -0.733475
-0.199387   -0.732998
-0.198022   -0.732519
-0.196659   -0.732040
-0.195298   -0.731559
-0.193940   -0.731077
-0.192584   -0.730594
-0.191230   -0.730110
-0.189879   -0.729625
-0.188530   -0.729139
-0.187184   -0.728651
-0.185840   -0.728163
-0.184498   -0.727674
-0.183158   -0.727183
-0.181821   -0.726692
-0.180486   -0.726199
-0.179154   -0.725706
-0.177824   -0.725211
-0.176496   -0.724715
-0.175170   -0.724219
-0.173847   -0.723721
-0.172526   -0.723222
-0.171208   -0.722722
-0.169892   -0.722222
-0.168578   -0.721720
-0.167266   -0.721217
-0.165957   -0.720714
-0.164650   -0.720209
-0.163345   -0.719703
-0.162043   -0.719197
-0.160743   -0.718689
-0.159445   -0.718180
-0.158149   -0.717671
-0.156856   -0.717160
-0.155565   -0.716649
-0.154276   -0.716136
-0.152990   -0.715623
-0.151706   -0.715109
-0.150424   -0.714594
-0.149144   -0.714078
-0.147867   -0.713560
-0.146592   -0.713042
-0.145319   -0.712524
-0.144049   -0.712004
-0.142781   -0.711483
-0.141515   -0.710962
-0.140251   -0.710439
-0.138989   -0.709916
-0.137730   -0.709391
-0.136473   -0.708866
-0.135218   -0.708340
-0.133966   -0.707813
-0.132716   -0.707286
-0.131468   -0.706757
-0.130222   -0.706228
-0.128978   -0.705697
-0.127737   -0.705166
-0.126498   -0.704634
-0.125261   -0.704101
-0.124026   -0.703567
-0.122794   -0.703033
-0.121563   -0.702498
-0.120335   -0.701961
-0.119109   -0.701424
-0.117886   -0.700887
-0.116664   -0.700348
-0.115445   -0.699809
-0.114228   -0.699268
-0.113013   -0.698727
-0.111800   -0.698186
-0.110590   -0.697643
-0.109382   -0.697100
-0.108176   -0.696555
-0.106972   -0.696011
-0.105770   -0.695465
-0.104570   -0.694918
-0.103373   -0.694371
-0.102178   -0.693823
-0.100984   -0.693274
-0.099793   -0.692725
-0.098605   -0.692175
-0.097418   -0.691624
-0.096234   -0.691072
-0.095051   -0.690519
-0.093871   -0.689966
-0.092693   -0.689412
-0.091517   -0.688858
-0.090343   -0.688302
-0.089172   -0.687746
-0.088002   -0.687189
-0.086835   -0.686632
-0.085670   -0.686074
-0.084507   -0.685515
-0.083346   -0.684955
-0.082187   -0.684395
-0.081030   -0.683834
-0.079875   -0.683272
-0.078723   -0.682710
-0.077572   -0.682147
-0.076424   -0.681583
-0.075278   -0.681019
-0.074134   -0.680454
-0.072992   -0.679888
-0.071852   -0.679322
-0.070714   -0.678755
-0.069578   -0.678187
-0.068445   -0.677619
-0.067313   -0.677050
-0.066183   -0.676480
-0.065056   -0.675910
-0.063931   -0.675339
-0.062807   -0.674768
-0.061686   -0.674196
-0.060567   -0.673623
-0.059450   -0.673049
-0.058335   -0.672475
-0.057222   -0.671901
-0.056111   -0.671326
-0.055002   -0.670750
-0.053895   -0.670173
-0.052790   -0.669596
-0.051688   -0.669019
-0.050587   -0.668441
-0.049488   -0.667862
-0.048391   -0.667282
-0.047297   -0.666703
-0.046204   -0.666122
-0.045114   -0.665541
-0.044025   -0.664959
-0.042938   -0.664377
-0.041854   -0.663794
-0.040771   -0.663211
-0.039691   -0.662627
-0.038612   -0.662042
-0.037536   -0.661457
-0.036461   -0.660872
-0.035389   -0.660286
-0.034318   -0.659699
-0.033250   -0.659112
-0.032183   -0.658524
-0.031119   -0.657936
-0.030056   -0.657347
-0.028995   -0.656758
-0.027937   -0.656168
-0.026880   -0.655577
-0.025826   -0.654986
-0.024773   -0.654395
-0.023722   -0.653803
-0.022673   -0.653211
-0.021626   -0.652618
-0.020582   -0.652024
-0.019539   -0.651430
-0.018498   -0.650836
-0.017459   -0.650241
-0.016422   -0.649645
-0.015386   -0.649050
-0.014353   -0.648453
-0.013322   -0.647856
-0.012293   -0.647259
-0.011265   -0.646661
-0.010240   -0.646063
-0.009216   -0.645464
-0.008195   -0.644865
-0.007175   -0.644265
-0.006157   -0.643665
-0.005141   -0.643064
-0.004127   -0.642463
-0.003115   -0.641861
-0.002105   -0.641259
-0.001097   -0.640657
-0.000090   -0.640054
0.000914   -0.639451
0.001917   -0.638847
0.002917   -0.638243
0.003916   -0.637638
0.004913   -0.637033
0.005908   -0.636428
0.006901   -0.635822
0.007893   -0.635215
0.008882   -0.634609
0.009870   -0.634001
0.010855   -0.633394
0.011839   -0.632786
0.012821   -0.632177
0.013801   -0.631569
0.014779   -0.630959
0.015756   -0.630350
0.016730   -0.629740
0.017703   -0.629129
0.018674   -0.628518
0.019643   -0.627907
0.020610   -0.627295
0.021575   -0.626683
0.022539   -0.626071
0.023501   -0.625458
0.024460   -0.624845
0.025418   -0.624232
0.026375   -0.623618
0.027329   -0.623003
0.028282   -0.622389
0.029232   -0.621774
0.030181   -0.621158
0.031128   -0.620543
0.032074   -0.619927
0.033017   -0.619310
0.033959   -0.618693
0.034899   -0.618076
0.035837   -0.617459
0.036774   -0.616841
0.037708   -0.616222
0.038641   -0.615604
0.039572   -0.614985
0.040501   -0.614366
0.041429   -0.613746
0.042354   -0.613126
0.043278   -0.612506
0.044200   -0.611885
0.045121   -0.611264
0.046039   -0.610643
0.046956   -0.610022
0.047871   -0.609400
0.048785   -0.608778
0.049696   -0.608155
0.050606   -0.607532
0.051514   -0.606909
0.052421   -0.606286
0.053325   -0.605662
0.054228   -0.605038
0.055129   -0.604413
0.056029   -0.603789
0.056926   -0.603164
0.057822   -0.602538
0.058717   -0.601913
0.059609   -0.601287
0.060500   -0.600661
0.061389   -0.600034
0.062276   -0.599408
0.063162   -0.598781
0.064046   -0.598153
0.064928   -0.597526
0.065809   -0.596898
0.066688   -0.596270
0.067565   -0.595641
0.068440   -0.595013
0.069314   -0.594384
0.070186   -0.593754
0.071057   -0.593125
0.071925   -0.592495
0.072792   -0.591865
0.073658   -0.591235
0.074521   -0.590604
0.075383   -0.589973
0.076244   -0.589342
0.077102   -0.588711
0.077959   -0.588079
0.078815   -0.587448
0.079669   -0.586815
0.080521   -0.586183
0.081371   -0.585551
0.082220   -0.584918
0.083067   -0.584285
0.083912   -0.583651
0.084756   -0.583018
0.085598   -0.582384
0.086439   -0.581750
0.087278   -0.581116
0.088115   -0.580481
0.088951   -0.579847
0.089785   -0.579212
0.090617   -0.578577
0.091448   -0.577941
0.092277   -0.577306
0.093104   -0.576670
0.093930   -0.576034
0.094755   -0.575398
0.095577   -0.574761
0.096398   -0.574124
0.097218   -0.573488
0.098036   -0.572850
0.098852   -0.572213
0.099667   -0.571576
0.100480   -0.570938
0.101291   -0.570300
0.102101   -0.569662
0.102909   -0.569023
0.103716   -0.568385
0.104521   -0.567746
0.105325   -0.567107
0.106127   -0.566468
0.106927   -0.565829
0.107726   -0.565189
0.108524   -0.564550
0.109319   -0.563910
0.110114   -0.563270
0.110906   -0.562630
0.111697   -0.561989
0.112487   -0.561348
0.113275   -0.560708
0.114061   -0.560067
0.114846   -0.559426
0.115629   -0.558784
0.116411   -0.558143
0.117191   -0.557501
0.117970   -0.556859
0.118747   -0.556217
0.119523   -0.555575
0.120297   -0.554933
0.121069   -0.554290
0.121840   -0.553648
0.122610   -0.553005
0.123378   -0.552362
0.124144   -0.551719
0.124909   -0.551075
0.125673   -0.550432
0.126435   -0.549788
0.127195   -0.549145
0.127954   -0.548501
0.128712   -0.547857
0.129468   -0.547212
0.130222   -0.546568
0.130975   -0.545923
0.131726   -0.545279
0.132476   -0.544634
0.133225   -0.543989
0.133972   -0.543344
0.134717   -0.542699
0.135461   -0.542053
0.136204   -0.541408
0.136945   -0.540762
0.137685   -0.540116
0.138423   -0.539471
0.139159   -0.538824
0.139894   -0.538178
0.140628   -0.537532
0.141360   -0.536886
0.142091   -0.536239
0.142821   -0.535592
0.143548   -0.534946
0.144275   -0.534299
0.145000   -0.533652
0.145723   -0.533004
0.146446   -0.532357
0.147166   -0.531710
0.147885   -0.531062
0.148603   -0.530415
0.149320   -0.529767
0.150034   -0.529119
0.150748   -0.528471
0.151460   -0.527823
0.152171   -0.527175
0.152880   -0.526526
0.153588   -0.525878
0.154294   -0.525230
0.154999   -0.524581
0.155702   -0.523932
0.156404   -0.523283
0.157105   -0.522634
0.157804   -0.521985
0.158502   -0.521336
0.159199   -0.520687
0.159894   -0.520038
0.160588   -0.519388
0.161280   -0.518739
0.161971   -0.518089
0.162660   -0.517439
0.163348   -0.516790
0.164035   -0.516140
0.164720   -0.515490
0.165404   -0.514840
0.166087   -0.514190
0.166768   -0.513539
0.167448   -0.512889
0.168126   -0.512239
0.168803   -0.511588
0.169479   -0.510938
0.170154   -0.510287
0.170826   -0.509636
0.171498   -0.508985
0.172168   -0.508334
0.172837   -0.507683
0.173505   -0.507032
0.174171   -0.506381
0.174836   -0.505730
0.175499   -0.505079
0.176161   -0.504427
0.176822   -0.503776
0.177482   -0.503125
0.178140   -0.502473
0.178796   -0.501821
0.179452   -0.501170
0.180106   -0.500518
0.180759   -0.499866
0.181410   -0.499214
0.182060   -0.498562
0.182709   -0.497910
0.183356   -0.497258
0.184003   -0.496606
0.184647   -0.495954
0.185291   -0.495302
0.185933   -0.494649
0.186574   -0.493997
0.187213   -0.493344
0.187852   -0.492692
0.188489   -0.492039
0.189124   -0.491387
0.189759   -0.490734
0.190392   -0.490082
0.191023   -0.489429
0.191654   -0.488776
0.192283   -0.488123
0.192911   -0.487470
0.193537   -0.486817
0.194163   -0.486164
0.194787   -0.485511
0.195409   -0.484858
0.196031   -0.484205
0.196651   -0.483552
0.197270   -0.482899
0.197887   -0.482245
0.198503   -0.481592
0.199119   -0.480939
0.199732   -0.480285
0.200345   -0.479632
0.200956   -0.478979
0.201566   -0.478325
0.202175   -0.477672
0.202782   -0.477018
0.203388   -0.476364
0.203993   -0.475711
0.204597   -0.475057
0.205199   -0.474403
0.205800   -0.473750
0.206400   -0.473096
0.206999   -0.472442
0.207597   -0.471788
0.208193   -0.471134
0.208788   -0.470481
0.209381   -0.469827
0.209974   -0.469173
0.210565   -0.468519
0.211155   -0.467865
0.211744   -0.467211
0.212332   -0.466557
0.212918   -0.465903
0.213503   -0.465249
0.214087   -0.464594
0.214669   -0.463940
0.215251   -0.463286
0.215831   -0.462632
0.216410   -0.461978
0.216988   -0.461324
0.217565   -0.460669
0.218140   -0.460015
0.218714   -0.459361
0.219287   -0.458707
0.219859   -0.458052
0.220429   -0.457398
0.220999   -0.456744
0.221567   -0.456090
0.222134   -0.455435
0.222700   -0.454781
0.223264   -0.454127
0.223828   -0.453472
0.224390   -0.452818
0.224951   -0.452163
0.225511   -0.451509
0.226070   -0.450855
0.226627   -0.450200
0.227183   -0.449546
0.227738   -0.448891
0.228292   -0.448237
0.228845   -0.447582
0.229397   -0.446928
0.229947   -0.446274
0.230496   -0.445619
0.231045   -0.444965
0.231592   -0.444310
0.232137   -0.443656
0.232682   -0.443001
0.233225   -0.442347
0.233768   -0.441692
0.234309   -0.441038
0.234849   -0.440383
0.235388   -0.439729
0.235925   -0.439075
0.236462   -0.438420
0.236997   -0.437766
0.237532   -0.437111
0.238065   -0.436457
0.238597   -0.435802
0.239127   -0.435148
0.239657   -0.434493
0.240186   -0.433839
0.240713   -0.433185
0.241239   -0.432530
0.241765   -0.431876
0.242289   -0.431221
0.242812   -0.430567
0.243333   -0.429913
0.243854   -0.429258
0.244373   -0.428604
0.244892   -0.427950
0.245409   -0.427295
0.245925   -0.426641
0.246440   -0.425987
0.246954   -0.425332
0.247467   -0.424678
0.247979   -0.424024
0.248490   -0.423370
0.248999   -0.422715
0.249508   -0.422061
0.250015   -0.421407
0.250521   -0.420753
0.251026   -0.420099
0.251530   -0.419444
0.252033   -0.418790
0.252535   -0.418136
0.253036   -0.417482
0.253535   -0.416828
0.254034   -0.416174
0.254531   -0.415520
0.255028   -0.414866
0.255523   -0.414212
0.256017   -0.413558
0.256510   -0.412904
0.257002   -0.412250
0.257493   -0.411596
0.257983   -0.410942
0.258472   -0.410288
0.258960   -0.409634
0.259446   -0.408981
0.259932   -0.408327
0.260417   -0.407673
0.260900   -0.407019
0.261382   -0.406366
0.261864   -0.405712
0.262344   -0.405058
0.262823   -0.404404
0.263301   -0.403751
0.263779   -0.403097
0.264255   -0.402444
0.264730   -0.401790
0.265204   -0.401137
0.265676   -0.400483
0.266148   -0.399830
0.266619   -0.399176
0.267089   -0.398523
0.267558   -0.397869
0.268025   -0.397216
0.268492   -0.396563
0.268957   -0.395910
0.269422   -0.395256
0.269885   -0.394603
0.270348   -0.393950
0.270809   -0.393297
0.271270   -0.392644
0.271729   -0.391991
0.272187   -0.391338
0.272645   -0.390684
0.273101   -0.390032
0.273556   -0.389379
0.274011   -0.388726
0.274464   -0.388073
0.274916   -0.387420
0.275367   -0.386767
0.275817   -0.386114
0.276266   -0.385462
0.276715   -0.384809
0.277162   -0.384156
0.277608   -0.383504
0.278053   -0.382851
0.278497   -0.382198
0.278940   -0.381546
0.279382   -0.380893
0.279823   -0.380241
0.280263   -0.379589
0.280702   -0.378936
0.281140   -0.378284
0.281577   -0.377632
0.282013   -0.376979
0.282449   -0.376327
0.282883   -0.375675
0.283316   -0.375023
0.283748   -0.374371
0.284179   -0.373719
0.284609   -0.373067
0.285038   -0.372415
0.285466   -0.371763
0.285893   -0.371111
0.286320   -0.370459
0.286745   -0.369807
0.287169   -0.369156
0.287592   -0.368504
0.288015   -0.367852
0.288436   -0.367201
0.288856   -0.366549
0.289276   -0.365898
0.289694   -0.365246
0.290111   -0.364595
0.290528   -0.363943
0.290943   -0.363292
0.291358   -0.362641
0.291771   -0.361989
0.292184   -0.361338
0.292595   -0.360687
0.293006   -0.360036
0.293416   -0.359385
0.293824   -0.358734
0.294232   -0.358083
0.294639   -0.357432
0.295045   -0.356781
0.295450   -0.356130
0.295854   -0.355479
0.296257   -0.354828
0.296659   -0.354178
0.297060   -0.353527
0.297460   -0.352876
0.297859   -0.352226
0.298258   -0.351575
0.298655   -0.350925
0.299051   -0.350274
0.299447   -0.349624
0.299841   -0.348974
0.300235   -0.348324
0.300628   -0.347673
0.301019   -0.347023
0.301410   -0.346373
0.301800   -0.345723
0.302189   -0.345073
0.302577   -0.344423
0.302964   -0.343773
0.303350   -0.343123
0.303735   -0.342473
0.304120   -0.341824
0.304503   -0.341174
0.304885   -0.340524
0.305267   -0.339875
0.305647   -0.339225
0.306027   -0.338576
0.306406   -0.337926
0.306784   -0.337277
0.307161   -0.336627
0.307537   -0.335978
0.307912   -0.335329
0.308286   -0.334680
0.308659   -0.334031
0.309032   -0.333381
0.309403   -0.332732
0.309774   -0.332083
0.310144   -0.331435
0.310512   -0.330786
0.310880   -0.330137
0.311247   -0.329488
0.311613   -0.328839
0.311978   -0.328191
0.312343   -0.327542
0.312706   -0.326894
0.313068   -0.326245
0.313430   -0.325597
0.313791   -0.324948
0.314151   -0.324300
0.314509   -0.323652
0.314867   -0.323003
0.315225   -0.322355
0.315581   -0.321707
0.315936   -0.321059
0.316291   -0.320411
0.316644   -0.319763
0.316997   -0.319115
0.317349   -0.318467
0.317700   -0.317820
0.318050   -0.317172
0.318399   -0.316524
0.318747   -0.315877
0.319095   -0.315229
0.319441   -0.314582
0.319787   -0.313934
0.320132   -0.313287
0.320476   -0.312639
0.320819   -0.311992
0.321161   -0.311345
0.321503   -0.310698
0.321843   -0.310051
0.322183   -0.309404
0.322521   -0.308757
0.322859   -0.308110
0.323196   -0.307463
0.323533   -0.306816
0.323868   -0.306169
0.324202   -0.305523
0.324536   -0.304876
0.324869   -0.304229
0.325201   -0.303583
0.325532   -0.302936
0.325862   -0.302290
0.326191   -0.301643
0.326520   -0.300997
0.326847   -0.300351
0.327174   -0.299705
0.327500   -0.299059
0.327825   -0.298413
0.328149   -0.297766
0.328473   -0.297121
0.328795   -0.296475
0.329117   -0.295829
0.329438   -0.295183
0.329758   -0.294537
0.330077   -0.293892
0.330395   -0.293246
0.330713   -0.292600
0.331030   -0.291955
0.331345   -0.291310
0.331660   -0.290664
0.331975   -0.290019
0.332288   -0.289374
0.332600   -0.288728
0.332912   -0.288083
0.333223   -0.287438
0.333533   -0.286793
0.333842   -0.286148
0.334151   -0.285503
0.334458   -0.284858
0.334765   -0.284214
0.335071   -0.283569
0.335376   -0.282924
0.335680   -0.282280
0.335984   -0.281635
0.336286   -0.280991
0.336588   -0.280346
0.336889   -0.279702
0.337189   -0.279057
0.337488   -0.278413
0.337787   -0.277769
0.338085   -0.277125
0.338382   -0.276481
0.338678   -0.275837
0.338973   -0.275193
0.339267   -0.274549
0.339561   -0.273905
0.339854   -0.273261
0.340146   -0.272617
0.340437   -0.271974
0.340728   -0.271330
0.341017   -0.270687
0.341306   -0.270043
0.341594   -0.269400
0.341882   -0.268756
0.342168   -0.268113
0.342454   -0.267470
0.342738   -0.266826
0.343022   -0.266183
0.343306   -0.265540
0.343588   -0.264897
0.343870   -0.264254
0.344151   -0.263611
0.344431   -0.262968
0.344710   -0.262326
0.344988   -0.261683
0.345266   -0.261040
0.345543   -0.260398
0.345819   -0.259755
0.346095   -0.259112
0.346369   -0.258470
0.346643   -0.257828
0.346916   -0.257185
0.347188   -0.256543
0.347459   -0.255901
0.347730   -0.255259
0.348000   -0.254617
0.348269   -0.253975
0.348537   -0.253333
0.348805   -0.252691
0.349071   -0.252049
0.349337   -0.251407
0.349603   -0.250765
0.349867   -0.250124
0.350131   -0.249482
0.350393   -0.248840
0.350655   -0.248199
0.350917   -0.247557
0.351177   -0.246916
0.351437   -0.246275
0.351696   -0.245633
0.351954   -0.244992
0.352212   -0.244351
0.352468   -0.243710
0.352724   -0.243069
0.352980   -0.242428
0.353234   -0.241787
0.353488   -0.241146
0.353740   -0.240505
0.353992   -0.239864
0.354244   -0.239224
0.354494   -0.238583
0.354744   -0.237942
0.354993   -0.237302
0.355242   -0.236661
0.355489   -0.236021
0.355736   -0.235381
0.355982   -0.234740
0.356227   -0.234100
0.356472   -0.233460
0.356716   -0.232820
0.356959   -0.232180
0.357201   -0.231540
0.357442   -0.230900
0.357683   -0.230260
0.357923   -0.229620
0.358162   -0.228980
0.358401   -0.228340
0.358639   -0.227701
0.358876   -0.227061
0.359112   -0.226421
0.359348   -0.225782
0.359582   -0.225142
0.359816   -0.224503
0.360050   -0.223864
0.360282   -0.223224
0.360514   -0.222585
0.360745   -0.221946
0.360976   -0.221307
0.361205   -0.220668
0.361434   -0.220029
0.361662   -0.219390
0.361889   -0.218751
0.362116   -0.218112
0.362342   -0.217473
0.362567   -0.216834
0.362792   -0.216196
0.363015   -0.215557
0.363238   -0.214918
0.363461   -0.214280
0.363682   -0.213641
0.363903   -0.213003
0.364123   -0.212365
0.364342   -0.211726
0.364561   -0.211088
0.364779   -0.210450
0.364996   -0.209812
0.365212   -0.209174
0.365428   -0.208536
0.365643   -0.207898
0.365857   -0.207260
0.366071   -0.206622
0.366284   -0.205984
0.366496   -0.205346
0.366707   -0.204708
0.366918   -0.204071
0.367128   -0.203433
0.367337   -0.202796
0.367545   -0.202158
0.367753   -0.201521
0.367960   -0.200883
0.368166   -0.200246
0.368372   -0.199609
0.368577   -0.198971
0.368781   -0.198334
0.368985   -0.197697
0.369187   -0.197060
0.369389   -0.196423
0.369591   -0.195786
0.369791   -0.195149
0.369991   -0.194512
0.370190   -0.193875
0.370389   -0.193238
0.370587   -0.192602
0.370784   -0.191965
0.370980   -0.191328
0.371176   -0.190692
0.371371   -0.190055
0.371565   -0.189419
0.371758   -0.188782
0.371951   -0.188146
0.372143   -0.187510
0.372335   -0.186873
0.372525   -0.186237
0.372715   -0.185601
0.372905   -0.184965
0.373093   -0.184329
0.373281   -0.183693
0.373468   -0.183057
0.373655   -0.182421
0.373841   -0.181785
0.374026   -0.181149
0.374210   -0.180513
0.374394   -0.179878
0.374577   -0.179242
0.374759   -0.178606
0.374941   -0.177971
0.375122   -0.177335
0.375302   -0.176700
0.375482   -0.176064
0.375661   -0.175429
0.375839   -0.174794
0.376016   -0.174158
0.376193   -0.173523
0.376369   -0.172888
0.376544   -0.172253
0.376719   -0.171618
0.376893   -0.170983
0.377066   -0.170348
0.377239   -0.169713
0.377411   -0.169078
0.377582   -0.168443
0.377753   -0.167808
0.377923   -0.167173
0.378092   -0.166538
0.378261   -0.165904
0.378428   -0.165269
0.378596   -0.164634
0.378762   -0.164000
0.378928   -0.163365
0.379093   -0.162731
0.379257   -0.162097
0.379421   -0.161462
0.379584   -0.160828
0.379746   -0.160194
0.379908   -0.159559
0.380069   -0.158925
0.380230   -0.158291
0.380389   -0.157657
0.380548   -0.157023
0.380706   -0.156389
0.380864   -0.155755
0.381021   -0.155121
0.381177   -0.154487
0.381333   -0.153853
0.381488   -0.153219
0.381642   -0.152586
0.381796   -0.151952
0.381949   -0.151318
0.382101   -0.150685
0.382252   -0.150051
0.382403   -0.149418
0.382553   -0.148784
0.382703   -0.148151
0.382852   -0.147517
0.383000   -0.146884
0.383148   -0.146251
0.383295   -0.145617
0.383441   -0.144984
0.383586   -0.144351
0.383731   -0.143718
0.383875   -0.143085
0.384019   -0.142451
0.384162   -0.141818
0.384304   -0.141185
0.384445   -0.140552
0.384586   -0.139920
0.384727   -0.139287
0.384866   -0.138654
0.385005   -0.138021
0.385143   -0.137388
0.385281   -0.136756
0.385418   -0.136123
0.385554   -0.135490
0.385689   -0.134858
0.385824   -0.134225
0.385958   -0.133592
0.386092   -0.132960
0.386225   -0.132328
0.386357   -0.131695
0.386489   -0.131063
0.386620   -0.130430
0.386750   -0.129798
0.386880   -0.129166
0.387009   -0.128534
0.387137   -0.127901
0.387265   -0.127269
0.387392   -0.126637
0.387518   -0.126005
0.387644   -0.125373
0.387769   -0.124741
0.387893   -0.124109
0.388017   -0.123477
0.388140   -0.122845
0.388262   -0.122213
0.388384   -0.121582
0.388505   -0.120950
0.388626   -0.120318
0.388745   -0.119686
0.388865   -0.119055
0.388983   -0.118423
0.389101   -0.117791
0.389218   -0.117160
0.389335   -0.116528
0.389451   -0.115897
0.389566   -0.115265
0.389680   -0.114634
0.389794   -0.114003
0.389908   -0.113371
0.390020   -0.112740
0.390132   -0.112109
0.390244   -0.111477
0.390354   -0.110846
0.390464   -0.110215
0.390574   -0.109584
0.390683   -0.108952
0.390791   -0.108321
0.390898   -0.107690
0.391005   -0.107059
0.391111   -0.106428
0.391217   -0.105797
0.391322   -0.105166
0.391426   -0.104535
0.391530   -0.103905
0.391633   -0.103274
0.391735   -0.102643
0.391837   -0.102012
0.391938   -0.101381
0.392038   -0.100751
0.392138   -0.100120
0.392237   -0.099489
0.392335   -0.098858
0.392433   -0.098228
0.392531   -0.097597
0.392627   -0.096967
0.392723   -0.096336
0.392818   -0.095706
0.392913   -0.095075
0.393007   -0.094445
0.393100   -0.093814
0.393193   -0.093184
0.393285   -0.092554
0.393377   -0.091923
0.393467   -0.091293
0.393558   -0.090663
0.393647   -0.090032
0.393736   -0.089402
0.393824   -0.088772
0.393912   -0.088142
0.393999   -0.087512
0.394085   -0.086882
0.394171   -0.086251
0.394256   -0.085621
0.394341   -0.084991
0.394424   -0.084361
0.394508   -0.083731
0.394590   -0.083101
0.394672   -0.082471
0.394753   -0.081842
0.394834   -0.081212
0.394914   -0.080582
0.394993   -0.079952
0.395072   -0.079322
0.395150   -0.078692
0.395228   -0.078063
0.395305   -0.077433
0.395381   -0.076803
0.395457   -0.076173
0.395532   -0.075544
0.395606   -0.074914
0.395680   -0.074284
0.395753   -0.073655
0.395825   -0.073025
0.395897   -0.072396
0.395968   -0.071766
0.396039   -0.071137
0.396109   -0.070507
0.396178   -0.069878
0.396247   -0.069248
0.396315   -0.068619
0.396382   -0.067989
0.396449   -0.067360
0.396515   -0.066731
0.396581   -0.066101
0.396645   -0.065472
0.396710   -0.064843
0.396773   -0.064213
0.396836   -0.063584
0.396899   -0.062955
0.396961   -0.062325
0.397022   -0.061696
0.397082   -0.061067
0.397142   -0.060438
0.397201   -0.059809
0.397260   -0.059180
0.397318   -0.058550
0.397376   -0.057921
0.397432   -0.057292
0.397488   -0.056663
0.397544   -0.056034
0.397599   -0.055405
0.397653   -0.054776
0.397707   -0.054147
0.397760   -0.053518
0.397812   -0.052889
0.397864   -0.052260
0.397915   -0.051631
0.397966   -0.051002
0.398016   -0.050373
0.398065   -0.049744
0.398114   -0.049116
0.398162   -0.048487
0.398209   -0.047858
0.398256   -0.047229
0.398302   -0.046600
0.398348   -0.045971
0.398392   -0.045343
0.398437   -0.044714
0.398480   -0.044085
0.398524   -0.043456
0.398566   -0.042828
0.398608   -0.042199
0.398649   -0.041570
0.398690   -0.040941
0.398730   -0.040313
0.398769   -0.039684
0.398808   -0.039055
0.398846   -0.038427
0.398883   -0.037798
0.398920   -0.037170
0.398956   -0.036541
0.398992   -0.035912
0.399027   -0.035284
0.399061   -0.034655
0.399095   -0.034027
0.399128   -0.033398
0.399161   -0.032770
0.399193   -0.032141
0.399224   -0.031512
0.399255   -0.030884
0.399285   -0.030255
0.399314   -0.029627
0.399343   -0.028998
0.399371   -0.028370
0.399399   -0.027741
0.399426   -0.027113
0.399452   -0.026485
0.399478   -0.025856
0.399503   -0.025228
0.399527   -0.024599
0.399551   -0.023971
0.399574   -0.023342
0.399597   -0.022714
0.399619   -0.022086
0.399640   -0.021457
0.399661   -0.020829
0.399681   -0.020200
0.399701   -0.019572
0.399720   -0.018944
0.399738   -0.018315
0.399756   -0.017687
0.399773   -0.017059
0.399789   -0.016430
0.399805   -0.015802
0.399820   -0.015174
0.399835   -0.014545
0.399849   -0.013917
0.399862   -0.013289
0.399875   -0.012660
0.399887   -0.012032
0.399898   -0.011404
0.399909   -0.010775
0.399920   -0.010147
0.399929   -0.009519
0.399938   -0.008890
0.399947   -0.008262
0.399954   -0.007634
0.399962   -0.007005
0.399968   -0.006377
0.399974   -0.005749
0.399980   -0.005121
0.399984   -0.004492
0.399988   -0.003864
0.399992   -0.003236
0.399995   -0.002607
0.399997   -0.001979
0.399999   -0.001351
0.400000   -0.000723
